0 594 95 40 42
0 601 151 40 42
0 556 153 40 42
0 548 99 40 42
0 508 77 40 42
0 515 30 40 42
0 471 21 40 42
0 410 39 40 42
0 380 41 40 42
0 334 50 40 42
0 329 140 40 42
0 281 154 40 42
0 314 174 40 42
0 272 32 40 42
0 71 48 40 42
0 457 277 40 42
0 400 330 40 42
0 360 365 40 42
0 325 334 40 42
0 283 322 40 42
0 252 355 40 42
0 225 385 40 42
0 176 405 40 42
0 148 384 40 42
0 124 293 40 42
0 118 238 40 42
0 108 64 40 42
0 155 59 40 42
0 174 86 40 42
0 233 152 40 42
0 214 194 40 42
0 166 164 40 42
0 281 209 40 42
0 363 202 40 42
0 346 285 40 42
0 364 310 40 42
0 480 415 40 42
0 204 442 40 42
6 66 403 40 42
0 578 204 40 42
0 564 408 40 42
0 504 387 40 42
0 572 322 40 42
0 453 335 40 42
0 417 296 40 42
0 552 442 40 42
0 248 290 40 42
0 225 317 40 42
0 244 193 40 42
0 184 23 40 42
0 320 251 40 42
0 96 198 40 42
0 146 142 40 42
0 70 153 40 42
0 51 212 40 42
0 39 117 40 42
0 78 366 40 42
0 157 308 40 42
0 181 292 40 42
0 272 458 40 42
0 310 463 40 42
0 366 432 40 42
0 307 430 40 42
0 256 421 40 42
0 369 158 40 42
0 36 25 40 42
0 232 19 40 42
0 91 12 40 42
0 20 246 40 42
0 32 307 40 42
0 18 334 40 42
0 48 432 40 42
0 75 453 40 42
0 103 469 40 42
0 125 461 40 42
0 95 331 40 42
0 167 188 40 42
0 236 114 40 42
0 236 73 40 42
0 427 108 40 42
0 437 71 40 42
0 317 94 40 42
0 613 209 40 42
0 579 238 40 42
0 601 276 40 42
0 613 331 40 42
0 601 449 40 42
0 630 396 40 42
0 510 465 40 42
0 455 467 40 42
0 504 229 40 42
0 70 280 40 42
6 49 380 40 42
0 543 293 40 42
6 349 89 40 42
0 302 52 40 42
0 23 150 40 42
0 407 472 40 42
0 356 469 40 42
0 9 452 40 42
0 629 280 40 42
0 3 275 40 42
0 10 54 40 42
0 625 54 40 42
0 606 6 40 42
0 552 12 40 42
0 338 10 40 42
0 418 243 40 42
6 538 361 40 42
0 417 411 40 42
0 39 170 40 42
0 159 438 40 42
0 436 150 40 42
0 454 389 40 42
0 334 395 40 42
6 570 356 40 42
0 242 240 40 42
