8 488 116 40 42
8 366 88 40 42
8 363 30 40 42
8 407 19 40 42
0 170 312 40 42
8 594 133 40 42
8 588 79 40 42
8 512 332 40 42
0 202 350 40 42
0 620 267 40 42
0 57 308 40 42
0 155 423 40 42
0 401 441 40 42
0 497 385 40 42
1 468 289 40 42
0 467 212 40 42
0 402 190 40 42
0 401 125 40 42
0 347 174 40 42
0 195 271 40 42
0 122 306 40 42
0 121 349 40 42
0 515 213 40 42
8 428 45 40 42
8 410 89 40 42
8 575 232 40 42
0 499 463 40 42
0 166 462 40 42
0 115 460 40 42
0 230 435 40 42
0 61 432 40 42
0 297 406 40 42
0 580 399 40 42
0 398 393 40 42
0 348 395 40 42
0 53 387 40 42
0 213 388 40 42
0 269 361 40 42
0 75 347 40 42
2 628 340 40 42
2 633 299 40 42
0 244 293 40 42
0 94 286 40 42
6 367 277 40 42
0 418 272 40 42
0 276 255 40 42
0 111 240 40 42
0 428 224 40 42
0 320 228 40 42
0 34 221 40 42
2 632 198 40 42
0 112 194 40 42
0 45 175 40 42
0 475 158 40 42
0 431 158 40 42
0 244 146 40 42
0 187 138 40 42
0 630 116 40 42
0 329 111 40 42
0 556 101 40 42
0 89 105 40 42
0 271 92 40 42
0 33 50 40 42
0 607 39 40 42
0 184 38 40 42
0 594 10 40 42
0 121 13 40 42
0 134 87 40 42
0 501 260 40 42
0 575 311 40 42
3 327 349 40 42
0 429 319 40 42
6 393 319 40 42
0 346 315 40 42
0 72 14 40 42
0 310 311 40 42
0 315 20 40 42
8 276 39 40 42
0 153 170 40 42
0 133 131 40 42
8 293 180 40 42
8 211 179 40 42
8 241 53 40 42
0 577 439 40 42
2 235 337 40 42
0 225 105 40 42
6 150 56 40 42
0 158 241 40 42
8 545 368 40 42
8 578 186 40 42
8 517 149 40 42
8 458 73 40 42
8 260 217 40 42
8 366 237 40 42
0 51 260 40 42
0 10 317 40 42
0 489 49 40 42
0 538 434 40 42
