3 77 363 40 42
3 147 279 40 42
3 301 284 40 42
3 347 269 40 42
3 260 232 40 42
3 179 321 40 42
3 525 102 40 42
3 580 150 40 42
3 312 166 40 42
3 356 127 40 42
3 262 53 40 42
3 153 62 40 42
3 150 31 40 42
3 17 71 40 42
3 82 80 40 42
3 630 257 40 42
3 394 409 40 42
3 321 396 40 42
3 90 404 40 42
3 114 345 40 42
3 139 311 40 42
3 256 278 40 42
3 336 197 40 42
3 513 274 40 42
3 522 335 40 42
3 487 332 40 42
3 415 310 40 42
3 463 367 40 42
3 591 64 40 42
3 31 112 40 42
3 70 188 40 42
3 217 435 40 42
3 100 462 40 42
3 155 448 40 42
3 251 410 40 42
3 233 102 40 42
3 384 108 40 42
3 448 282 40 42
3 378 262 40 42
3 216 312 40 42
3 458 52 40 42
3 276 105 40 42
3 44 350 40 42
3 51 297 40 42
3 35 214 40 42
3 78 143 40 42
3 120 98 40 42
3 90 46 40 42
3 23 35 40 42
3 268 22 40 42
3 378 197 40 42
3 277 332 40 42
3 320 327 40 42
3 556 324 40 42
3 583 361 40 42
3 387 358 40 42
3 437 398 40 42
3 466 446 40 42
3 493 207 40 42
3 506 168 40 42
3 477 142 40 42
3 428 156 40 42
3 531 197 40 42
3 595 177 40 42
3 610 127 40 42
3 633 176 40 42
3 548 21 40 42
3 619 44 40 42
3 418 17 40 42
3 332 58 40 42
3 332 15 40 42
3 456 93 40 42
3 415 71 40 42
3 545 63 40 42
3 151 170 40 42
3 77 236 40 42
3 107 192 40 42
3 17 295 40 42
3 157 233 40 42
3 185 195 40 42
3 188 128 40 42
3 202 83 40 42
3 265 179 40 42
3 615 449 40 42
3 550 465 40 42
3 553 273 40 42
