8 140 239 40 42
8 88 285 40 42
8 36 134 40 42
8 242 312 40 42
8 349 451 40 42
8 520 32 40 42
8 266 42 40 42
3 47 347 40 42
3 36 379 40 42
3 145 301 40 42
3 154 180 40 42
3 42 187 40 42
3 272 150 40 42
3 322 42 40 42
3 183 90 40 42
3 135 390 40 42
3 369 290 40 42
3 463 98 40 42
3 551 398 40 42
3 522 179 40 42
3 82 55 40 42
3 521 352 40 42
3 451 375 40 42
3 338 380 40 42
3 298 312 40 42
3 240 271 40 42
3 187 448 40 42
3 158 425 40 42
3 207 425 40 42
3 467 445 40 42
3 124 10 40 42
3 41 68 40 42
3 104 360 40 42
3 123 107 40 42
3 298 110 40 42
0 370 67 40 42
3 163 340 40 42
3 91 324 40 42
3 47 420 40 42
3 73 452 40 42
3 25 462 40 42
3 138 142 40 42
3 177 125 40 42
3 125 199 40 42
3 43 230 40 42
3 79 162 40 42
3 39 273 40 42
3 180 288 40 42
3 189 212 40 42
3 226 217 40 42
3 183 257 40 42
3 163 30 40 42
3 308 12 40 42
3 237 57 40 42
3 437 15 40 42
3 465 14 40 42
3 543 68 40 42
3 576 97 40 42
3 611 67 40 42
3 586 23 40 42
3 420 72 40 42
3 372 115 40 42
3 345 175 40 42
3 307 205 40 42
3 320 253 40 42
3 334 286 40 42
3 356 241 40 42
3 408 233 40 42
3 448 290 40 42
3 536 286 40 42
0 244 457 40 42
3 394 160 40 42
3 345 333 40 42
3 227 357 40 42
3 238 402 40 42
3 404 349 40 42
3 404 271 40 42
3 511 256 40 42
3 514 316 40 42
3 417 415 40 42
0 452 415 40 42
3 358 415 40 42
3 324 405 40 42
3 290 445 40 42
3 573 149 40 42
3 488 151 40 42
3 531 125 40 42
3 592 271 40 42
3 564 199 40 42
3 620 376 40 42
3 632 128 40 42
3 622 204 40 42
3 632 166 40 42
3 591 173 40 42
3 622 245 40 42
3 450 327 40 42
3 94 248 40 42
3 505 419 40 42
3 267 211 40 42
3 191 54 40 42
3 604 462 40 42
