3 62 340 40 42
3 299 229 40 42
3 445 118 40 42
3 212 383 40 42
3 397 273 40 42
3 205 37 40 42
3 586 195 40 42
3 527 168 40 42
3 431 379 40 42
3 391 339 40 42
3 287 120 40 42
3 260 96 40 42
3 219 76 40 42
3 178 48 40 42
3 116 40 40 42
3 161 240 40 42
3 154 368 40 42
3 177 340 40 42
3 34 265 40 42
3 41 223 40 42
3 40 160 40 42
3 380 383 40 42
3 420 422 40 42
3 492 398 40 42
3 260 294 40 42
3 368 35 40 42
3 570 32 40 42
3 237 440 40 42
3 177 436 40 42
3 205 415 40 42
3 254 410 40 42
3 221 300 40 42
3 132 254 40 42
3 112 350 40 42
3 67 417 40 42
3 40 376 40 42
3 10 377 40 42
3 32 425 40 42
3 94 208 40 42
3 48 192 40 42
3 81 42 40 42
3 74 86 40 42
3 134 67 40 42
3 444 69 40 42
3 313 47 40 42
3 262 31 40 42
3 298 82 40 42
3 338 142 40 42
3 345 98 40 42
3 290 147 40 42
3 265 205 40 42
3 210 233 40 42
3 232 337 40 42
2 82 373 40 42
2 125 199 40 42
3 441 300 40 42
3 438 342 40 42
3 483 290 40 42
3 480 361 40 42
3 490 328 40 42
3 527 319 40 42
3 522 300 40 42
3 605 312 40 42
3 630 282 40 42
3 578 263 40 42
3 631 367 40 42
3 552 357 40 42
3 460 467 40 42
3 342 439 40 42
3 329 372 40 42
3 287 427 40 42
2 455 430 40 42
0 508 76 40 42
0 628 95 40 42
3 463 209 40 42
3 426 192 40 42
3 382 148 40 42
3 389 90 40 42
3 477 53 40 42
3 610 37 40 42
3 184 148 40 42
3 194 104 40 42
0 145 114 40 42
3 129 139 40 42
3 73 313 40 42
3 152 292 40 42
3 187 261 40 42
3 260 257 40 42
3 335 222 40 42
3 367 211 40 42
3 251 140 40 42
3 205 182 40 42
3 155 175 40 42
3 505 150 40 42
3 480 175 40 42
3 499 217 40 42
3 524 245 40 42
3 556 90 40 42
3 547 133 40 42
3 529 49 40 42
3 627 175 40 42
3 628 227 40 42
3 627 407 40 42
3 127 435 40 42
3 316 325 40 42
