8 576 98 40 42
3 162 382 40 42
3 205 366 40 42
3 72 281 40 42
3 80 357 40 42
3 502 306 40 42
3 432 163 40 42
3 175 421 40 42
3 41 447 40 42
3 398 233 40 42
3 516 222 40 42
3 546 120 40 42
9 519 255 40 42
9 240 309 40 42
9 404 77 40 42
3 435 122 40 42
3 390 162 40 42
3 444 217 40 42
3 363 236 40 42
3 397 271 40 42
3 454 287 40 42
3 422 309 40 42
3 382 317 40 42
3 385 352 40 42
3 449 324 40 42
3 476 317 40 42
3 511 187 40 42
3 175 28 40 42
3 18 85 40 42
3 51 61 40 42
3 81 25 40 42
3 131 27 40 42
3 148 105 40 42
3 17 149 40 42
0 53 195 40 42
0 140 238 40 42
3 223 333 40 42
3 203 236 40 42
3 250 221 40 42
0 249 177 40 42
3 292 315 40 42
3 249 442 40 42
3 316 415 40 42
3 289 456 40 42
3 349 448 40 42
3 371 404 40 42
3 341 377 40 42
0 419 382 40 42
0 145 450 40 42
2 116 379 40 42
3 64 401 40 42
0 165 352 40 42
3 527 347 40 42
3 567 395 40 42
3 606 417 40 42
2 329 337 40 42
3 42 291 40 42
0 93 126 40 42
0 317 251 40 42
3 400 458 40 42
3 450 432 40 42
3 509 142 40 42
3 509 93 40 42
3 521 16 40 42
3 455 71 40 42
3 434 41 40 42
3 388 8 40 42
3 236 33 40 42
3 118 201 40 42
3 78 159 40 42
3 162 176 40 42
3 175 219 40 42
3 110 268 40 42
3 515 385 40 42
3 611 351 40 42
0 602 268 40 42
3 551 166 40 42
3 560 210 40 42
3 564 65 40 42
3 606 231 40 42
3 207 297 40 42
3 335 211 40 42
3 355 178 40 42
3 214 193 40 42
3 241 102 40 42
3 312 84 40 42
3 347 115 40 42
3 325 157 40 42
3 150 63 40 42
3 206 63 40 42
3 455 467 40 42
3 531 465 40 42
