3 112 425 40 42
3 198 260 40 42
3 148 225 40 42
3 130 255 40 42
3 57 251 40 42
3 114 181 40 42
3 212 153 40 42
3 352 156 40 42
3 324 140 40 42
3 428 91 40 42
3 404 438 40 42
3 380 347 40 42
3 285 365 40 42
3 223 430 40 42
3 104 343 40 42
3 539 347 40 42
3 379 140 40 42
3 152 56 40 42
3 47 317 40 42
3 95 452 40 42
3 55 440 40 42
3 467 464 40 42
3 355 394 40 42
3 393 384 40 42
3 325 324 40 42
3 295 300 40 42
3 354 190 40 42
3 558 274 40 42
3 147 182 40 42
3 147 321 40 42
3 21 60 40 42
3 62 58 40 42
3 434 370 40 42
3 468 336 40 42
3 600 128 40 42
3 448 162 40 42
3 535 205 40 42
3 432 55 40 42
2 91 197 40 42
2 207 110 40 42
3 28 383 40 42
3 15 174 40 42
3 62 176 40 42
3 44 98 40 42
3 77 120 40 42
3 137 110 40 42
3 173 95 40 42
3 24 25 40 42
3 197 75 40 42
3 197 34 40 42
3 238 71 40 42
3 278 28 40 42
3 310 74 40 42
3 343 56 40 42
3 311 26 40 42
3 258 154 40 42
3 297 108 40 42
3 301 165 40 42
3 274 200 40 42
3 233 209 40 42
3 299 227 40 42
3 325 262 40 42
3 187 310 40 42
3 162 357 40 42
3 172 393 40 42
3 142 435 40 42
0 195 415 40 42
0 236 400 40 42
0 301 402 40 42
0 399 284 40 42
0 456 261 40 42
2 452 434 40 42
0 373 418 40 42
0 416 237 40 42
2 439 201 40 42
3 292 433 40 42
3 285 465 40 42
3 336 461 40 42
3 618 365 40 42
3 470 126 40 42
3 492 79 40 42
3 502 42 40 42
3 552 77 40 42
3 407 120 40 42
3 397 208 40 42
3 565 141 40 42
3 558 183 40 42
3 564 25 40 42
3 632 150 40 42
2 486 180 40 42
3 487 383 40 42
3 447 306 40 42
3 501 305 40 42
3 559 318 40 42
3 517 257 40 42
3 632 231 40 42
3 54 355 40 42
3 325 365 40 42
