3 176 230 40 42
3 254 109 40 42
3 225 126 40 42
3 227 149 40 42
3 188 377 40 42
3 480 276 40 42
3 320 240 40 42
3 389 255 40 42
3 486 83 40 42
3 440 81 40 42
3 613 101 40 42
3 480 370 40 42
3 448 353 40 42
3 412 352 40 42
3 197 464 40 42
3 135 383 40 42
3 272 195 40 42
3 284 263 40 42
3 244 359 40 42
3 435 241 40 42
3 560 318 40 42
3 597 272 40 42
3 537 231 40 42
3 555 199 40 42
3 567 157 40 42
3 460 182 40 42
3 288 330 40 42
3 333 430 40 42
3 367 407 40 42
3 415 407 40 42
3 453 389 40 42
3 184 260 40 42
3 157 260 40 42
3 145 196 40 42
3 501 34 40 42
3 77 426 40 42
3 376 450 40 42
3 435 442 40 42
0 296 78 40 42
0 255 16 40 42
0 378 95 40 42
0 336 201 40 42
0 197 195 40 42
0 532 322 40 42
0 584 73 40 42
0 592 47 40 42
3 14 335 40 42
3 23 302 40 42
3 19 244 40 42
3 50 138 40 42
3 42 35 40 42
3 51 11 40 42
3 5 15 40 42
3 87 40 40 42
3 135 16 40 42
3 128 52 40 42
3 112 91 40 42
3 149 107 40 42
3 188 117 40 42
3 91 169 40 42
3 123 241 40 42
3 99 309 40 42
3 145 300 40 42
3 124 340 40 42
3 79 351 40 42
3 112 413 40 42
3 91 462 40 42
3 235 437 40 42
3 274 451 40 42
3 277 374 40 42
3 240 275 40 42
3 286 213 40 42
3 236 175 40 42
3 299 137 40 42
3 361 52 40 42
3 327 27 40 42
3 412 112 40 42
3 407 152 40 42
3 368 165 40 42
3 381 211 40 42
3 372 282 40 42
3 420 280 40 42
3 382 320 40 42
3 337 354 40 42
3 338 392 40 42
3 328 460 40 42
3 627 372 40 42
3 597 332 40 42
3 570 259 40 42
3 496 236 40 42
3 523 176 40 42
3 604 179 40 42
3 630 129 40 42
3 527 98 40 42
