9 385 57 40 42
0 380 428 40 42
0 371 191 40 42
0 547 27 40 42
6 158 237 40 42
0 95 148 40 42
8 76 436 40 42
6 309 36 40 42
8 610 198 40 42
0 417 349 40 42
0 580 115 40 42
0 393 462 40 42
0 32 460 40 42
0 597 459 40 42
0 454 458 40 42
0 265 448 40 42
0 7 452 40 42
0 161 394 40 42
0 86 392 40 42
0 538 373 40 42
0 456 367 40 42
0 132 355 40 42
0 91 349 40 42
0 4 335 40 42
0 319 320 40 42
0 47 317 40 42
0 189 322 40 42
0 251 304 40 42
0 626 300 40 42
0 505 293 40 42
0 343 295 40 42
0 214 283 40 42
0 159 287 40 42
0 106 253 40 42
0 205 244 40 42
0 256 227 40 42
0 78 212 40 42
0 428 201 40 42
0 236 186 40 42
0 177 185 40 42
0 62 167 40 42
0 602 150 40 42
0 252 143 40 42
0 166 142 40 42
0 511 136 40 42
0 297 127 40 42
0 205 121 40 42
0 463 106 40 42
0 57 96 40 42
0 127 97 40 42
0 417 94 40 42
0 277 89 40 42
0 547 67 40 42
0 452 63 40 42
0 501 51 40 42
0 33 47 40 42
0 231 40 40 42
0 627 14 40 42
0 460 5 40 42
0 109 23 40 42
0 417 19 40 42
0 357 34 40 42
0 180 27 40 42
0 150 20 40 42
0 110 295 40 42
0 73 302 40 42
0 70 263 40 42
0 277 333 40 42
0 245 345 40 42
0 294 385 40 42
0 256 401 40 42
0 337 86 40 42
0 329 130 40 42
0 362 134 40 42
0 21 162 40 42
0 25 125 40 42
0 431 249 40 42
0 395 226 40 42
0 407 283 40 42
0 442 292 40 42
0 523 223 40 42
0 566 189 40 42
0 552 153 40 42
0 529 174 40 42
0 595 302 40 42
0 575 363 40 42
0 589 412 40 42
0 557 404 40 42
0 320 235 40 42
0 355 245 40 42
0 356 372 40 42
0 330 395 40 42
0 320 420 40 42
0 314 170 40 42
0 285 185 40 42
0 431 137 40 42
0 407 160 40 42
0 32 233 40 42
0 482 405 40 42
0 449 417 40 42
0 554 452 40 42
0 523 439 40 42
0 625 114 40 42
0 270 40 40 42
0 25 286 40 42
0 544 255 40 42
8 476 207 40 42
0 74 55 40 42
0 122 458 40 42
0 131 421 40 42
0 231 377 40 42
6 401 377 40 42
6 290 277 40 42
