4 408 211 40 42
4 379 294 40 42
4 495 281 40 42
4 523 135 40 42
4 483 80 40 42
4 439 105 40 42
4 459 28 40 42
4 580 94 40 42
4 98 365 40 42
4 168 293 40 42
4 209 195 40 42
4 53 93 40 42
4 246 211 40 42
4 240 313 40 42
4 213 387 40 42
4 293 398 40 42
4 164 438 40 42
4 476 423 40 42
4 539 405 40 42
4 616 349 40 42
9 55 47 40 42
9 153 229 40 42
11 48 396 40 42
11 316 158 40 42
1 293 105 40 42
6 610 49 40 42
2 101 85 40 42
11 182 154 40 42
2 92 322 40 42
4 259 126 40 42
2 345 39 40 42
5 365 65 40 42
4 543 34 40 42
6 527 291 40 42
11 435 442 40 42
3 40 442 40 42
5 408 412 40 42
