4 27 281 40 42
4 73 39 40 42
4 130 20 40 42
4 189 69 40 42
3 106 63 40 42
4 82 329 40 42
4 111 300 40 42
4 246 192 40 42
4 343 244 40 42
4 315 314 40 42
4 214 330 40 42
4 117 383 40 42
4 568 448 40 42
7 302 100 40 42
3 574 89 40 42
11 72 407 40 42
11 487 224 40 42
3 495 111 40 42
4 529 63 40 42
6 252 338 40 42
4 228 452 40 42
4 177 470 40 42
4 372 460 40 42
6 180 248 40 42
4 610 388 40 42
4 483 294 40 42
9 630 287 40 42
4 423 425 40 42
11 31 406 40 42
0 181 415 40 42
0 470 157 40 42
0 537 261 40 42
