7 243 420 40 42
4 143 140 40 42
4 124 32 40 42
4 177 66 40 42
4 88 290 40 42
4 115 340 40 42
4 186 450 40 42
4 371 413 40 42
4 580 287 40 42
4 631 34 40 42
6 67 104 40 42
6 473 229 40 42
11 96 439 40 42
11 32 436 40 42
11 517 266 40 42
9 200 29 40 42
9 9 62 40 42
0 143 268 40 42
6 367 74 40 42
4 560 57 40 42
0 389 455 40 42
0 299 442 40 42
3 297 233 40 42
11 625 406 40 42
3 59 54 40 42
3 82 30 40 42
0 157 381 40 42
0 197 300 40 42
0 190 212 40 42
0 32 267 40 42
0 196 166 40 42
0 473 344 40 42
0 557 226 40 42
0 512 403 40 42
0 230 362 40 42
