4 438 344 40 42
4 363 239 40 42
4 77 34 40 42
4 128 150 40 42
4 91 227 40 42
4 79 272 40 42
4 533 367 40 42
4 350 315 40 42
4 393 327 40 42
4 590 260 40 42
4 508 196 40 42
4 461 232 40 42
4 446 293 40 42
4 341 190 40 42
4 135 194 40 42
4 90 145 40 42
4 158 109 40 42
4 254 13 40 42
4 262 191 40 42
4 231 268 40 42
4 24 435 40 42
9 307 413 40 42
6 467 143 40 42
9 525 318 40 42
6 229 342 40 42
4 414 265 40 42
11 262 251 40 42
4 527 100 40 42
4 575 220 40 42
4 560 316 40 42
4 499 262 40 42
9 430 105 40 42
6 578 80 40 42
2 286 90 40 42
5 29 82 40 42
0 27 274 40 42
11 312 142 40 42
11 436 53 40 42
6 525 154 40 42
2 483 391 40 42
