8 319 280 40 42
8 381 343 40 42
8 439 343 40 42
8 401 419 40 42
8 402 454 40 42
8 334 457 40 42
8 223 382 40 42
8 84 221 40 42
8 69 355 40 42
8 107 403 40 42
8 55 440 40 42
8 33 466 40 42
8 569 352 40 42
8 445 381 40 42
8 236 250 40 42
0 149 151 40 42
6 597 149 40 42
0 138 30 40 42
8 254 218 40 42
8 278 300 40 42
8 248 417 40 42
8 341 318 40 42
8 351 473 40 42
8 499 470 40 42
8 209 460 40 42
0 570 458 40 42
0 538 426 40 42
0 21 394 40 42
0 457 293 40 42
0 206 271 40 42
8 515 270 40 42
0 474 246 40 42
0 141 210 40 42
0 369 201 40 42
0 189 193 40 42
0 481 191 40 42
0 593 186 40 42
0 232 176 40 42
0 113 175 40 42
0 399 166 40 42
0 340 168 40 42
0 456 156 40 42
0 296 153 40 42
0 71 139 40 42
0 33 111 40 42
0 277 70 40 42
0 337 67 40 42
0 565 63 40 42
0 36 60 40 42
0 390 55 40 42
0 227 42 40 42
0 95 39 40 42
0 283 26 40 42
0 465 18 40 42
0 388 15 40 42
0 26 20 40 42
0 173 49 40 42
0 182 77 40 42
0 491 415 40 42
0 455 416 40 42
0 431 461 40 42
0 509 377 40 42
0 519 343 40 42
0 507 309 40 42
0 555 148 40 42
0 503 150 40 42
0 549 202 40 42
0 540 249 40 42
0 590 255 40 42
0 597 304 40 42
0 594 401 40 42
0 360 394 40 42
0 477 88 40 42
0 531 93 40 42
0 539 32 40 42
0 42 290 40 42
0 128 313 40 42
0 92 325 40 42
8 147 275 40 42
8 169 309 40 42
8 221 317 40 42
8 221 347 40 42
8 128 425 40 42
8 135 447 40 42
8 79 454 40 42
8 296 421 40 42
8 287 457 40 42
0 440 215 40 42
8 406 231 40 42
0 346 235 40 42
0 306 233 40 42
0 302 342 40 42
0 321 371 40 42
0 339 409 40 42
0 175 389 40 42
8 160 106 40 42
0 574 18 40 42
3 600 85 40 42
0 580 110 40 42
8 10 176 40 42
8 54 177 40 42
8 62 265 40 42
8 112 245 40 42
0 120 88 40 42
0 115 112 40 42
0 217 89 40 42
0 266 110 40 42
1 409 289 40 42
