4 357 66 40 42
4 394 16 40 42
4 535 33 40 42
4 526 154 40 42
4 387 252 40 42
4 364 289 40 42
4 322 311 40 42
4 278 424 40 42
4 144 413 40 42
4 121 452 40 42
4 541 236 40 42
4 520 272 40 42
4 477 441 40 42
6 376 121 40 42
6 169 179 40 42
9 55 97 40 42
9 39 368 40 42
9 32 434 40 42
3 360 382 40 42
3 247 175 40 42
6 156 20 40 42
11 146 217 40 42
11 266 260 40 42
4 379 428 40 42
6 283 346 40 42
0 470 277 40 42
11 90 378 40 42
11 245 220 40 42
5 458 138 40 42
0 595 286 40 42
0 485 384 40 42
0 502 407 40 42
0 328 140 40 42
0 432 83 40 42
11 155 261 40 42
