4 31 339 40 42
4 73 270 40 42
4 82 441 40 42
4 128 85 40 42
4 151 43 40 42
4 38 22 40 42
4 364 59 40 42
4 337 102 40 42
4 393 15 40 42
4 326 187 40 42
4 467 171 40 42
4 517 382 40 42
3 254 208 40 42
3 532 212 40 42
3 225 130 40 42
3 391 272 40 42
4 10 434 40 42
6 67 407 40 42
6 596 25 40 42
4 124 400 40 42
4 110 316 40 42
4 622 142 40 42
4 363 168 40 42
4 463 387 40 42
4 307 401 40 42
4 459 75 40 42
0 159 134 40 42
3 127 457 40 42
5 391 353 40 42
6 616 349 40 42
6 598 398 40 42
6 232 464 40 42
0 480 430 40 42
0 60 308 40 42
0 162 427 40 42
0 260 360 40 42
0 267 120 40 42
0 492 312 40 42
0 235 260 40 42
0 514 51 40 42
0 582 120 40 42
3 90 51 40 42
