4 41 369 40 42
4 76 271 40 42
4 103 137 40 42
4 99 48 40 42
4 274 29 40 42
4 193 127 40 42
4 447 155 40 42
4 246 142 40 42
6 191 78 40 42
4 126 309 40 42
4 515 114 40 42
4 604 383 40 42
4 565 332 40 42
4 552 459 40 42
4 365 390 40 42
10 623 455 40 42
6 312 220 40 42
6 491 248 40 42
6 275 115 40 42
9 67 229 40 42
6 149 23 40 42
0 249 292 40 42
3 72 24 40 42
3 341 101 40 42
3 539 166 40 42
6 303 349 40 42
4 189 302 40 42
0 420 198 40 42
2 230 377 40 42
6 556 385 40 42
0 480 433 40 42
4 53 154 40 42
4 22 28 40 42
11 269 219 40 42
0 122 434 40 42
0 95 395 40 42
0 346 181 40 42
0 88 97 40 42
0 462 264 40 42
0 417 264 40 42
0 379 303 40 42
0 423 86 40 42
3 217 236 40 42
0 418 127 40 42
