0 318 22 40 42
0 302 297 40 42
0 255 126 40 42
0 133 10 40 42
0 509 22 40 42
0 530 222 40 42
0 100 91 40 42
0 215 152 40 42
0 106 349 40 42
0 92 429 40 42
0 341 228 40 42
0 302 234 40 42
0 284 76 40 42
0 381 119 40 42
11 461 256 40 42
0 44 428 40 42
0 517 272 40 42
0 406 254 40 42
0 18 253 40 42
0 631 239 40 42
0 437 218 40 42
0 542 141 40 42
0 339 60 40 42
0 473 41 40 42
0 150 45 40 42
0 412 13 40 42
9 498 145 40 42
0 70 22 40 42
0 48 77 40 42
0 110 41 40 42
0 158 94 40 42
0 111 126 40 42
0 193 46 40 42
0 218 95 40 42
0 170 179 40 42
0 48 206 40 42
5 13 40 40 42
0 60 382 40 42
0 37 353 40 42
0 80 314 40 42
0 72 269 40 42
0 130 267 40 42
0 149 223 40 42
0 185 255 40 42
0 229 235 40 42
0 263 250 40 42
0 219 286 40 42
0 175 340 40 42
0 171 373 40 42
0 140 395 40 42
0 199 462 40 42
0 242 362 40 42
0 395 63 40 42
0 375 30 40 42
0 417 95 40 42
0 594 54 40 42
0 611 96 40 42
0 562 72 40 42
0 523 94 40 42
0 511 180 40 42
0 575 245 40 42
0 592 336 40 42
0 557 375 40 42
0 527 411 40 42
0 552 457 40 42
0 597 411 40 42
0 441 368 40 42
0 385 364 40 42
0 420 442 40 42
0 307 434 40 42
5 229 409 40 42
4 333 381 40 42
0 349 306 40 42
6 606 281 40 42
0 627 452 40 42
0 397 315 40 42
0 515 317 40 42
0 242 320 40 42
0 288 380 40 42
0 102 457 40 42
0 630 175 40 42
5 291 196 40 42
2 463 320 40 42
6 360 178 40 42
6 102 226 40 42
0 122 195 40 42
2 412 183 40 42
0 348 132 40 42
0 177 305 40 42
0 356 436 40 42
9 38 151 40 42
