9 355 466 40 42
9 303 446 40 42
9 239 369 40 42
6 482 241 40 42
4 470 60 40 42
4 370 50 40 42
4 336 90 40 42
4 352 3 40 42
4 125 150 40 42
4 192 185 40 42
4 53 287 40 42
4 280 285 40 42
4 353 175 40 42
4 375 430 40 42
4 238 458 40 42
3 230 161 40 42
0 241 40 40 42
0 276 94 40 42
0 114 101 40 42
0 42 104 40 42
0 134 302 40 42
0 197 322 40 42
0 34 332 40 42
0 520 176 40 42
0 538 328 40 42
6 465 370 40 42
0 507 419 40 42
0 594 407 40 42
0 142 28 40 42
6 182 31 40 42
3 55 50 40 42
3 387 284 40 42
3 131 403 40 42
0 317 217 40 42
0 212 423 40 42
0 170 393 40 42
