0 171 125 40 42
0 229 192 40 42
6 177 350 40 42
6 603 267 40 42
4 448 442 40 42
6 138 371 40 42
8 312 364 40 42
0 274 288 40 42
9 410 267 40 42
7 464 58 40 42
0 208 440 40 42
0 234 448 40 42
0 258 391 40 42
0 216 263 40 42
0 315 425 40 42
0 438 120 40 42
0 477 123 40 42
0 590 308 40 42
0 85 54 40 42
0 187 11 40 42
0 52 247 40 42
6 327 287 40 42
0 302 122 40 42
0 329 238 40 42
8 486 468 40 42
0 380 450 40 42
0 280 455 40 42
0 162 410 40 42
0 98 407 40 42
0 25 370 40 42
0 479 371 40 42
0 87 357 40 42
0 18 308 40 42
0 526 293 40 42
0 115 235 40 42
0 20 227 40 42
0 75 203 40 42
0 402 132 40 42
0 507 10 40 42
0 133 15 40 42
0 128 442 40 42
0 59 318 40 42
0 62 280 40 42
0 100 310 40 42
0 128 278 40 42
0 153 291 40 42
0 445 365 40 42
0 392 411 40 42
0 343 365 40 42
4 352 402 40 42
5 487 189 40 42
0 268 243 40 42
0 227 227 40 42
0 23 75 40 42
0 91 89 40 42
0 136 140 40 42
0 213 90 40 42
0 227 136 40 42
0 225 39 40 42
0 260 25 40 42
0 341 11 40 42
0 356 55 40 42
0 543 32 40 42
11 557 66 40 42
0 603 120 40 42
0 589 170 40 42
0 553 109 40 42
8 576 196 40 42
0 552 253 40 42
0 557 336 40 42
0 576 360 40 42
0 394 347 40 42
0 452 273 40 42
0 30 182 40 42
0 91 7 40 42
5 143 67 40 42
0 151 328 40 42
0 177 252 40 42
0 247 322 40 42
0 213 352 40 42
0 361 311 40 42
0 336 329 40 42
9 289 156 40 42
7 576 413 40 42
4 538 209 40 42
4 562 460 40 42
6 290 206 40 42
0 437 216 40 42
0 341 122 40 42
0 369 95 40 42
0 513 135 40 42
0 299 255 40 42
0 365 230 40 42
7 26 417 40 42
4 60 454 40 42
0 325 85 40 42
11 193 205 40 42
0 144 209 40 42
0 124 181 40 42
9 514 92 40 42
3 627 176 40 42
3 601 225 40 42
0 368 270 40 42
0 175 171 40 42
0 325 172 40 42
5 369 171 40 42
0 282 333 40 42
0 183 463 40 42
3 403 201 40 42
0 415 92 40 42
0 36 131 40 42
