4 104 76 40 42
4 75 294 40 42
4 3 360 40 42
4 265 243 40 42
4 142 318 40 42
4 167 274 40 42
4 350 190 40 42
4 269 52 40 42
4 407 207 40 42
4 401 174 40 42
4 425 450 40 42
4 534 405 40 42
4 564 371 40 42
4 575 133 40 42
4 515 26 40 42
0 28 447 40 42
3 95 439 40 42
0 54 389 40 42
0 99 325 40 42
0 119 373 40 42
0 179 424 40 42
0 211 380 40 42
0 207 337 40 42
0 230 274 40 42
0 70 160 40 42
0 18 116 40 42
0 22 57 40 42
0 43 25 40 42
0 65 83 40 42
0 185 50 40 42
0 213 72 40 42
0 121 127 40 42
0 242 169 40 42
0 155 226 40 42
0 295 200 40 42
0 299 152 40 42
0 330 113 40 42
0 349 68 40 42
0 386 42 40 42
0 241 21 40 42
0 521 81 40 42
3 520 167 40 42
0 317 341 40 42
0 288 385 40 42
0 337 452 40 42
0 400 362 40 42
0 402 413 40 42
0 449 372 40 42
0 500 372 40 42
0 450 237 40 42
0 609 220 40 42
0 557 200 40 42
0 542 333 40 42
0 617 438 40 42
0 577 454 40 42
6 596 188 40 42
9 183 91 40 42
0 434 86 40 42
0 553 46 40 42
0 403 127 40 42
0 381 257 40 42
0 359 286 40 42
6 155 162 40 42
0 523 123 40 42
0 359 125 40 42
0 509 236 40 42
0 510 272 40 42
4 144 443 40 42
0 567 247 40 42
4 304 294 40 42
