11 130 421 40 42
11 175 357 40 42
11 80 263 40 42
11 54 207 40 42
11 63 167 40 42
11 22 240 40 42
11 140 99 40 42
11 412 197 40 42
11 370 243 40 42
11 294 251 40 42
11 384 299 40 42
11 507 301 40 42
11 473 325 40 42
11 457 225 40 42
11 617 340 40 42
11 412 78 40 42
11 219 77 40 42
11 110 237 40 42
11 165 456 40 42
11 23 442 40 42
11 62 422 40 42
11 152 275 40 42
11 440 112 40 42
8 106 182 40 42
11 504 459 40 42
11 356 430 40 42
11 608 136 40 42
11 179 100 40 42
11 254 335 40 42
11 92 337 40 42
11 456 63 40 42
11 562 51 40 42
11 550 18 40 42
11 504 221 40 42
