11 94 249 40 42
11 70 223 40 42
11 24 235 40 42
11 121 275 40 42
11 214 156 40 42
11 145 443 40 42
11 166 398 40 42
11 216 363 40 42
11 297 315 40 42
11 147 365 40 42
11 360 175 40 42
11 442 142 40 42
11 387 115 40 42
11 349 79 40 42
11 395 75 40 42
11 482 287 40 42
11 387 300 40 42
11 285 445 40 42
11 386 456 40 42
11 454 437 40 42
11 497 403 40 42
11 535 387 40 42
11 537 302 40 42
11 573 280 40 42
11 600 246 40 42
11 613 298 40 42
11 627 352 40 42
2 230 302 40 42
4 426 200 40 42
4 290 141 40 42
11 419 239 40 42
