7 94 59 40 42
5 457 231 40 42
8 171 201 40 42
0 268 291 40 42
0 308 299 40 42
0 268 332 40 42
6 399 281 40 42
6 508 336 40 42
0 434 320 40 42
8 446 166 40 42
0 429 400 40 42
2 416 470 40 42
0 123 465 40 42
0 25 464 40 42
0 497 451 40 42
0 314 369 40 42
0 189 363 40 42
0 9 362 40 42
0 427 363 40 42
0 169 319 40 42
0 481 282 40 42
0 245 253 40 42
0 341 252 40 42
0 416 249 40 42
0 369 178 40 42
0 125 176 40 42
0 194 171 40 42
0 236 172 40 42
0 626 130 40 42
0 7 75 40 42
2 348 11 40 42
2 288 12 40 42
0 34 20 40 42
7 283 445 40 42
0 199 460 40 42
0 62 162 40 42
0 29 122 40 42
0 94 93 40 42
0 125 116 40 42
0 217 114 40 42
0 195 71 40 42
0 148 24 40 42
0 233 41 40 42
0 416 112 40 42
0 451 115 40 42
0 458 30 40 42
0 412 43 40 42
0 501 113 40 42
0 499 147 40 42
0 398 329 40 42
0 352 322 40 42
0 165 425 40 42
0 270 393 40 42
0 224 410 40 42
0 210 280 40 42
0 184 243 40 42
0 226 221 40 42
0 282 223 40 42
0 272 193 40 42
0 327 210 40 42
0 599 408 40 42
0 569 418 40 42
0 581 363 40 42
0 545 340 40 42
0 562 457 40 42
0 453 437 40 42
0 401 436 40 42
0 368 460 40 42
0 614 283 40 42
0 605 235 40 42
0 560 234 40 42
0 560 279 40 42
0 625 197 40 42
0 590 148 40 42
0 77 349 40 42
0 25 398 40 42
0 113 381 40 42
0 119 343 40 42
0 122 298 40 42
0 147 262 40 42
0 13 238 40 42
0 381 96 40 42
0 352 130 40 42
0 320 172 40 42
0 564 38 40 42
0 611 67 40 42
4 565 190 40 42
4 73 444 40 42
5 92 228 40 42
5 312 111 40 42
4 280 38 40 42
4 629 18 40 42
0 472 68 40 42
0 590 105 40 42
0 266 77 40 42
0 507 51 40 42
9 541 114 40 42
0 473 197 40 42
6 250 467 40 42
