8 540 229 40 42
8 440 142 40 42
8 290 89 40 42
8 143 55 40 42
8 185 419 40 42
8 153 314 40 42
8 535 147 40 42
4 38 260 40 42
4 241 413 40 42
4 8 355 40 42
4 262 86 40 42
4 364 121 40 42
4 477 110 40 42
4 435 315 40 42
4 436 357 40 42
9 189 288 40 42
9 144 205 40 42
9 73 202 40 42
9 264 253 40 42
9 67 322 40 42
9 452 280 40 42
3 330 325 40 42
3 420 433 40 42
0 221 379 40 42
2 31 24 40 42
2 475 321 40 42
4 626 110 40 42
6 215 265 40 42
11 98 448 40 42
11 516 349 40 42
11 55 58 40 42
11 92 76 40 42
4 83 113 40 42
0 45 157 40 42
11 107 187 40 42
11 290 187 40 42
11 133 430 40 42
8 221 47 40 42
8 632 194 40 42
11 357 37 40 42
11 316 48 40 42
11 408 57 40 42
6 510 51 40 42
11 599 143 40 42
11 300 251 40 42
11 347 171 40 42
11 108 345 40 42
11 92 408 40 42
11 199 350 40 42
11 252 222 40 42
11 467 445 40 42
