8 300 302 40 42
8 222 150 40 42
8 220 70 40 42
8 120 65 40 42
8 567 208 40 42
4 382 315 40 42
4 156 18 40 42
4 43 42 40 42
4 108 243 40 42
4 115 286 40 42
4 301 399 40 42
4 370 182 40 42
11 282 60 40 42
11 29 91 40 42
11 41 202 40 42
11 51 417 40 42
11 143 368 40 42
3 415 382 40 42
3 412 292 40 42
8 312 115 40 42
8 385 417 40 42
8 256 427 40 42
3 560 270 40 42
3 482 235 40 42
0 512 297 40 42
0 545 378 40 42
0 612 319 40 42
0 602 361 40 42
0 596 277 40 42
0 412 149 40 42
0 318 160 40 42
0 260 181 40 42
0 138 152 40 42
0 221 383 40 42
0 158 237 40 42
