0 128 128 40 42
4 335 321 40 42
4 176 219 40 42
4 72 172 40 42
4 75 53 40 42
4 232 50 40 42
4 384 134 40 42
4 419 45 40 42
4 457 260 40 42
4 582 347 40 42
8 339 145 40 42
8 433 318 40 42
8 377 210 40 42
8 325 364 40 42
8 341 445 40 42
8 507 167 40 42
8 485 87 40 42
8 391 16 40 42
8 32 42 40 42
8 54 204 40 42
4 367 369 40 42
11 309 55 40 42
2 130 241 40 42
0 446 398 40 42
0 47 94 40 42
6 407 352 40 42
8 576 130 40 42
8 612 107 40 42
8 616 77 40 42
11 125 36 40 42
11 326 200 40 42
0 582 172 40 42
0 234 269 40 42
0 107 92 40 42
0 181 35 40 42
0 276 148 40 42
0 275 393 40 42
11 118 329 40 42
8 352 266 40 42
3 273 28 40 42
3 480 25 40 42
3 568 215 40 42
3 173 149 40 42
3 150 181 40 42
3 13 353 40 42
0 70 21 40 42
6 37 145 40 42
