5 177 144 40 42
0 392 149 40 42
0 235 178 40 42
0 216 209 40 42
0 424 92 40 42
0 197 103 40 42
0 184 468 40 42
0 505 385 40 42
0 317 383 40 42
0 568 368 40 42
0 387 355 40 42
0 634 296 40 42
0 506 217 40 42
0 25 213 40 42
0 304 209 40 42
0 145 189 40 42
0 256 72 40 42
0 218 67 40 42
0 584 48 40 42
0 512 47 40 42
0 498 14 40 42
5 388 436 40 42
9 460 310 40 42
0 72 284 40 42
0 25 270 40 42
0 81 224 40 42
0 44 175 40 42
0 60 149 40 42
0 26 104 40 42
0 76 80 40 42
0 102 101 40 42
0 115 136 40 42
0 140 105 40 42
0 167 68 40 42
0 95 36 40 42
0 291 129 40 42
0 305 80 40 42
0 336 54 40 42
0 304 28 40 42
0 363 32 40 42
0 408 33 40 42
0 450 50 40 42
0 482 77 40 42
0 392 106 40 42
0 361 138 40 42
0 320 160 40 42
0 451 147 40 42
0 519 137 40 42
0 512 97 40 42
0 554 86 40 42
0 603 91 40 42
0 558 134 40 42
0 605 153 40 42
0 582 185 40 42
0 629 192 40 42
0 537 187 40 42
0 478 185 40 42
0 557 299 40 42
0 501 320 40 42
0 533 347 40 42
6 545 407 40 42
0 549 445 40 42
0 434 222 40 42
0 383 217 40 42
1 392 255 40 42
0 415 292 40 42
0 155 228 40 42
0 136 253 40 42
0 460 394 40 42
0 456 365 40 42
0 359 315 40 42
0 347 360 40 42
0 257 419 40 42
0 219 432 40 42
0 168 435 40 42
0 287 451 40 42
0 321 466 40 42
0 365 458 40 42
0 602 323 40 42
0 125 330 40 42
0 24 337 40 42
6 45 403 40 42
0 74 424 40 42
0 114 413 40 42
0 167 388 40 42
0 195 359 40 42
0 223 323 40 42
0 233 277 40 42
0 267 333 40 42
0 280 281 40 42
0 56 348 40 42
0 320 311 40 42
0 186 244 40 42
0 197 281 40 42
0 226 381 40 42
0 315 245 40 42
2 134 28 40 42
6 24 65 40 42
0 122 66 40 42
2 249 119 40 42
4 149 293 40 42
0 429 413 40 42
0 347 217 40 42
6 627 123 40 42
0 281 248 40 42
4 59 314 40 42
0 501 450 40 42
2 584 253 40 42
3 396 397 40 42
0 106 458 40 42
0 172 16 40 42
1 276 370 40 42
5 110 359 40 42
