3 246 235 40 42
3 146 237 40 42
3 180 345 40 42
3 92 399 40 42
3 73 355 40 42
3 19 316 40 42
3 70 302 40 42
3 62 382 40 42
3 107 331 40 42
3 182 417 40 42
3 227 342 40 42
3 193 224 40 42
3 171 103 40 42
3 47 125 40 42
3 99 43 40 42
3 224 23 40 42
3 254 144 40 42
3 213 127 40 42
3 230 169 40 42
3 312 399 40 42
3 416 367 40 42
3 406 320 40 42
3 456 346 40 42
3 527 223 40 42
3 572 202 40 42
3 576 130 40 42
3 603 161 40 42
3 455 85 40 42
3 400 146 40 42
3 347 121 40 42
3 278 121 40 42
3 390 26 40 42
2 351 17 40 42
3 343 190 40 42
3 385 212 40 42
3 546 340 40 42
3 438 452 40 42
3 482 421 40 42
3 500 380 40 42
3 582 275 40 42
3 382 62 40 42
3 412 47 40 42
3 622 20 40 42
3 449 190 40 42
2 42 152 40 42
2 77 18 40 42
2 354 349 40 42
3 101 132 40 42
3 508 87 40 42
