3 188 323 40 42
3 139 328 40 42
3 20 344 40 42
3 67 459 40 42
3 101 260 40 42
3 47 207 40 42
3 212 90 40 42
3 175 67 40 42
3 251 90 40 42
3 227 133 40 42
3 182 195 40 42
3 61 173 40 42
3 213 244 40 42
3 154 280 40 42
3 262 297 40 42
3 278 186 40 42
3 300 365 40 42
3 266 399 40 42
3 145 405 40 42
3 276 322 40 42
3 276 355 40 42
3 300 300 40 42
3 379 297 40 42
3 321 347 40 42
3 367 338 40 42
3 519 76 40 42
3 481 87 40 42
3 449 105 40 42
3 439 47 40 42
3 395 59 40 42
3 395 91 40 42
3 383 121 40 42
3 427 83 40 42
3 306 49 40 42
3 335 101 40 42
3 452 139 40 42
3 495 167 40 42
3 537 202 40 42
3 585 119 40 42
3 577 85 40 42
3 623 39 40 42
3 486 263 40 42
3 425 257 40 42
3 437 365 40 42
3 385 391 40 42
3 495 307 40 42
3 534 286 40 42
3 584 316 40 42
3 617 306 40 42
3 620 339 40 42
3 604 374 40 42
3 561 377 40 42
3 545 454 40 42
3 622 167 40 42
3 36 80 40 42
3 110 120 40 42
