3 75 42 40 42
3 120 50 40 42
3 90 102 40 42
3 73 131 40 42
3 48 148 40 42
3 50 230 40 42
3 20 187 40 42
3 153 39 40 42
3 212 52 40 42
3 191 31 40 42
3 217 11 40 42
2 156 74 40 42
2 217 98 40 42
2 101 172 40 42
2 23 237 40 42
2 440 303 40 42
8 424 395 40 42
8 363 332 40 42
8 305 365 40 42
8 253 213 40 42
3 365 95 40 42
3 337 111 40 42
3 397 55 40 42
3 427 41 40 42
3 484 35 40 42
3 498 63 40 42
3 482 92 40 42
3 510 26 40 42
3 419 194 40 42
3 395 228 40 42
3 357 175 40 42
3 323 179 40 42
3 220 187 40 42
3 301 213 40 42
3 147 242 40 42
3 99 256 40 42
3 92 398 40 42
3 30 398 40 42
3 153 365 40 42
3 215 257 40 42
3 173 256 40 42
3 345 302 40 42
3 269 369 40 42
3 300 408 40 42
3 162 406 40 42
3 333 457 40 42
3 385 430 40 42
3 502 350 40 42
3 611 380 40 42
3 615 463 40 42
3 594 211 40 42
3 560 213 40 42
2 482 248 40 42
3 227 293 40 42
3 92 365 40 42
3 179 319 40 42
