3 167 405 40 42
3 107 297 40 42
3 34 371 40 42
3 69 245 40 42
3 82 153 40 42
3 112 132 40 42
3 130 157 40 42
3 126 50 40 42
3 142 28 40 42
3 109 21 40 42
3 41 78 40 42
3 207 153 40 42
3 171 153 40 42
3 290 77 40 42
3 311 124 40 42
3 250 146 40 42
3 203 290 40 42
3 185 267 40 42
3 303 289 40 42
3 281 369 40 42
3 204 347 40 42
3 104 367 40 42
3 377 295 40 42
3 421 200 40 42
3 385 210 40 42
3 462 298 40 42
3 491 299 40 42
3 475 335 40 42
3 408 323 40 42
3 566 243 40 42
3 550 152 40 42
3 601 137 40 42
3 581 25 40 42
3 625 40 40 42
3 452 57 40 42
3 619 262 40 42
3 615 305 40 42
3 568 299 40 42
2 565 395 40 42
3 611 85 40 42
3 576 77 40 42
3 496 97 40 42
3 494 39 40 42
3 492 12 40 42
3 432 122 40 42
3 388 123 40 42
3 357 158 40 42
3 334 95 40 42
3 392 30 40 42
3 26 442 40 42
3 244 461 40 42
3 171 370 40 42
3 479 383 40 42
3 478 417 40 42
3 456 444 40 42
3 546 275 40 42
