3 38 8 40 42
3 37 90 40 42
3 30 134 40 42
3 90 92 40 42
3 142 98 40 42
3 167 47 40 42
3 198 124 40 42
3 156 132 40 42
3 113 166 40 42
3 85 192 40 42
3 80 225 40 42
3 51 232 40 42
3 19 230 40 42
3 182 193 40 42
3 213 211 40 42
3 242 199 40 42
3 239 160 40 42
3 265 137 40 42
3 302 127 40 42
3 325 166 40 42
3 363 14 40 42
3 349 103 40 42
3 396 117 40 42
3 452 118 40 42
3 493 85 40 42
2 535 76 40 42
2 343 72 40 42
2 597 46 40 42
2 574 101 40 42
3 585 149 40 42
3 604 85 40 42
3 512 223 40 42
3 438 230 40 42
3 456 262 40 42
3 340 213 40 42
3 298 216 40 42
3 512 153 40 42
3 94 309 40 42
3 152 262 40 42
3 153 227 40 42
3 227 248 40 42
3 212 280 40 42
3 171 304 40 42
3 151 341 40 42
3 94 378 40 42
3 136 428 40 42
3 222 369 40 42
3 259 322 40 42
3 289 286 40 42
3 218 321 40 42
3 52 56 40 42
3 270 435 40 42
3 232 422 40 42
3 351 394 40 42
3 398 319 40 42
3 325 312 40 42
3 385 442 40 42
3 444 349 40 42
3 562 368 40 42
3 505 320 40 42
3 482 350 40 42
3 601 339 40 42
3 592 395 40 42
