3 75 95 40 42
3 211 11 40 42
3 174 18 40 42
3 153 47 40 42
3 165 114 40 42
3 158 178 40 42
3 102 108 40 42
3 110 227 40 42
3 31 237 40 42
3 105 306 40 42
3 175 255 40 42
3 263 154 40 42
3 294 190 40 42
3 305 109 40 42
3 315 160 40 42
3 347 71 40 42
3 317 26 40 42
3 341 17 40 42
3 370 35 40 42
3 472 17 40 42
3 472 42 40 42
3 426 26 40 42
3 467 82 40 42
3 428 63 40 42
3 535 80 40 42
3 542 20 40 42
3 527 174 40 42
3 582 103 40 42
3 605 160 40 42
3 620 81 40 42
3 575 243 40 42
3 403 145 40 42
3 425 168 40 42
3 365 150 40 42
3 351 188 40 42
3 429 226 40 42
3 456 202 40 42
3 447 245 40 42
3 447 326 40 42
3 385 290 40 42
3 335 298 40 42
3 330 250 40 42
3 320 276 40 42
3 272 275 40 42
3 232 296 40 42
3 212 266 40 42
3 189 305 40 42
3 184 372 40 42
3 122 375 40 42
3 61 390 40 42
3 20 417 40 42
3 364 343 40 42
3 588 349 40 42
3 563 355 40 42
2 369 227 40 42
2 282 320 40 42
3 262 355 40 42
3 300 364 40 42
3 140 403 40 42
3 33 269 40 42
