2 612 260 40 42
2 567 292 40 42
2 529 399 40 42
2 208 160 40 42
3 39 360 40 42
3 79 342 40 42
3 30 257 40 42
3 34 327 40 42
3 140 182 40 42
3 136 156 40 42
3 32 52 40 42
3 103 69 40 42
3 255 65 40 42
3 337 124 40 42
3 364 85 40 42
3 437 71 40 42
3 535 47 40 42
3 554 74 40 42
3 613 160 40 42
3 506 215 40 42
3 544 232 40 42
3 418 187 40 42
3 379 176 40 42
3 442 122 40 42
3 343 243 40 42
3 443 258 40 42
3 443 312 40 42
3 483 327 40 42
3 508 309 40 42
3 515 346 40 42
3 188 422 40 42
3 130 411 40 42
0 515 261 40 42
8 352 320 40 42
8 623 297 40 42
8 489 379 40 42
8 102 182 40 42
8 267 100 40 42
8 559 353 40 42
2 158 82 40 42
2 599 122 40 42
2 115 30 40 42
3 85 37 40 42
3 59 78 40 42
3 123 380 40 42
3 92 316 40 42
3 91 278 40 42
2 144 297 40 42
3 372 460 40 42
3 375 428 40 42
3 474 415 40 42
3 451 456 40 42
3 412 443 40 42
3 531 175 40 42
3 461 45 40 42
