3 296 334 40 42
3 273 282 40 42
3 236 156 40 42
3 163 154 40 42
3 144 119 40 42
3 114 166 40 42
3 74 62 40 42
3 57 31 40 42
3 45 168 40 42
3 45 110 40 42
3 23 145 40 42
3 132 53 40 42
3 169 65 40 42
3 195 35 40 42
3 215 66 40 42
3 418 148 40 42
2 471 62 40 42
2 416 55 40 42
2 613 34 40 42
2 119 237 40 42
2 100 295 40 42
3 269 127 40 42
3 264 191 40 42
3 518 227 40 42
3 487 213 40 42
3 470 237 40 42
3 534 76 40 42
3 530 37 40 42
3 547 14 40 42
3 566 59 40 42
3 592 85 40 42
3 550 121 40 42
3 485 97 40 42
3 380 224 40 42
3 370 195 40 42
3 420 265 40 42
3 514 291 40 42
3 570 276 40 42
3 530 320 40 42
3 524 376 40 42
3 93 217 40 42
3 41 290 40 42
3 325 395 40 42
3 620 172 40 42
3 85 101 40 42
3 260 92 40 42
3 177 322 40 42
3 119 273 40 42
3 266 233 40 42
3 299 239 40 42
