3 8 274 40 42
3 67 271 40 42
3 100 197 40 42
3 64 180 40 42
3 71 222 40 42
3 150 174 40 42
3 127 148 40 42
3 195 121 40 42
3 257 216 40 42
3 240 271 40 42
3 235 244 40 42
3 178 280 40 42
3 331 77 40 42
3 362 92 40 42
3 397 87 40 42
3 529 109 40 42
3 565 115 40 42
3 576 92 40 42
3 515 12 40 42
3 457 21 40 42
3 554 195 40 42
3 499 253 40 42
3 448 228 40 42
3 479 348 40 42
3 521 338 40 42
3 619 304 40 42
3 281 440 40 42
3 99 406 40 42
3 150 427 40 42
3 130 262 40 42
3 375 362 40 42
3 599 417 40 42
2 369 213 40 42
