6 73 368 40 42
0 345 98 40 42
6 242 305 40 42
0 316 45 40 42
0 572 430 40 42
6 398 373 40 42
0 97 449 40 42
0 31 375 40 42
0 126 359 40 42
0 255 342 40 42
0 280 287 40 42
0 621 218 40 42
0 66 164 40 42
0 203 121 40 42
0 617 123 40 42
0 510 117 40 42
0 408 55 40 42
0 353 27 40 42
5 394 125 40 42
5 213 37 40 42
6 537 454 40 42
0 563 133 40 42
0 252 122 40 42
0 448 18 40 42
0 207 268 40 42
0 190 224 40 42
0 203 186 40 42
9 421 201 40 42
0 72 100 40 42
0 37 75 40 42
0 130 48 40 42
0 224 79 40 42
0 279 37 40 42
0 585 40 40 42
0 521 67 40 42
0 473 60 40 42
0 594 174 40 42
0 447 156 40 42
0 493 154 40 42
0 498 240 40 42
0 565 222 40 42
0 580 278 40 42
0 616 313 40 42
0 590 338 40 42
0 622 415 40 42
0 525 422 40 42
2 465 354 40 42
0 401 318 40 42
0 438 335 40 42
0 508 327 40 42
0 80 263 40 42
0 47 417 40 42
0 20 435 40 42
0 124 422 40 42
10 28 465 40 42
5 151 280 40 42
5 511 281 40 42
5 470 314 40 42
5 436 377 40 42
5 462 464 40 42
9 535 389 40 42
2 616 373 40 42
3 110 187 40 42
0 95 215 40 42
0 169 148 40 42
2 119 87 40 42
0 18 161 40 42
0 174 318 40 42
0 191 361 40 42
0 217 383 40 42
0 186 427 40 42
0 160 462 40 42
0 252 427 40 42
0 307 341 40 42
0 329 276 40 42
0 360 310 40 42
0 363 265 40 42
0 355 201 40 42
0 307 199 40 42
0 252 202 40 42
0 294 241 40 42
0 331 425 40 42
0 357 456 40 42
0 392 414 40 42
0 401 460 40 42
2 238 160 40 42
0 116 297 40 42
4 82 330 40 42
9 455 184 40 42
0 445 233 40 42
2 464 266 40 42
4 504 363 40 42
0 423 437 40 42
0 435 292 40 42
0 400 268 40 42
10 359 155 40 42
10 40 310 40 42
6 556 80 40 42
