3 57 207 40 42
3 120 235 40 42
3 109 124 40 42
3 20 27 40 42
3 175 75 40 42
3 256 86 40 42
3 240 122 40 42
3 229 155 40 42
3 295 20 40 42
3 622 86 40 42
3 610 109 40 42
3 557 26 40 42
3 537 75 40 42
3 484 114 40 42
3 502 143 40 42
3 492 164 40 42
3 529 156 40 42
3 560 168 40 42
3 520 219 40 42
3 610 180 40 42
3 621 234 40 42
3 514 268 40 42
3 446 337 40 42
3 470 324 40 42
3 461 378 40 42
3 480 395 40 42
3 515 414 40 42
3 377 244 40 42
3 386 212 40 42
3 365 188 40 42
3 232 279 40 42
3 194 310 40 42
3 154 246 40 42
3 61 365 40 42
3 87 302 40 42
3 91 369 40 42
3 110 393 40 42
3 197 428 40 42
3 561 466 40 42
3 584 400 40 42
2 203 139 40 42
2 428 302 40 42
2 360 330 40 42
2 446 152 40 42
3 511 190 40 42
3 539 205 40 42
3 600 207 40 42
