3 10 271 40 42
3 6 350 40 42
3 52 294 40 42
3 95 229 40 42
3 104 257 40 42
3 168 150 40 42
3 240 126 40 42
3 154 279 40 42
3 152 320 40 42
3 225 275 40 42
3 99 49 40 42
3 308 101 40 42
3 456 44 40 42
3 436 69 40 42
3 519 91 40 42
3 480 97 40 42
3 521 170 40 42
3 487 173 40 42
3 455 192 40 42
3 415 235 40 42
3 315 191 40 42
3 387 299 40 42
3 489 310 40 42
3 489 278 40 42
3 580 255 40 42
3 581 222 40 42
3 570 350 40 42
3 525 340 40 42
3 487 409 40 42
3 543 369 40 42
3 422 405 40 42
3 322 369 40 42
