3 127 240 40 42
3 187 158 40 42
3 164 83 40 42
3 181 119 40 42
3 216 92 40 42
3 260 76 40 42
3 284 40 40 42
3 362 57 40 42
3 387 40 40 42
3 390 19 40 42
3 530 28 40 42
3 571 21 40 42
3 612 60 40 42
3 600 31 40 42
3 493 28 40 42
3 474 60 40 42
3 479 97 40 42
3 435 85 40 42
3 417 127 40 42
3 460 119 40 42
3 486 140 40 42
3 613 195 40 42
3 574 221 40 42
3 554 255 40 42
3 535 208 40 42
3 473 226 40 42
3 440 224 40 42
3 391 222 40 42
3 371 186 40 42
3 306 191 40 42
3 321 139 40 42
3 93 180 40 42
3 339 401 40 42
3 329 319 40 42
3 231 350 40 42
3 176 329 40 42
3 359 275 40 42
3 328 284 40 42
3 301 255 40 42
3 529 332 40 42
3 500 296 40 42
3 386 321 40 42
3 422 415 40 42
3 626 387 40 42
3 52 363 40 42
3 80 425 40 42
3 90 460 40 42
