3 126 121 40 42
3 64 55 40 42
3 107 73 40 42
3 187 26 40 42
3 66 207 40 42
3 33 294 40 42
3 38 326 40 42
3 133 268 40 42
3 127 231 40 42
3 170 258 40 42
3 118 312 40 42
3 49 373 40 42
3 244 355 40 42
3 335 268 40 42
3 350 209 40 42
3 381 199 40 42
3 407 204 40 42
3 420 167 40 42
3 452 173 40 42
3 386 50 40 42
3 270 49 40 42
3 265 75 40 42
3 481 55 40 42
3 505 71 40 42
3 492 147 40 42
3 557 102 40 42
3 426 322 40 42
3 456 288 40 42
3 479 317 40 42
3 447 344 40 42
3 484 352 40 42
3 535 343 40 42
3 627 272 40 42
3 542 409 40 42
3 573 384 40 42
3 347 132 40 42
3 197 383 40 42
3 105 385 40 42
3 240 447 40 42
