3 64 17 40 42
3 58 46 40 42
3 83 94 40 42
3 36 146 40 42
3 68 129 40 42
3 90 161 40 42
3 190 111 40 42
3 260 94 40 42
3 254 127 40 42
3 144 231 40 42
3 177 249 40 42
3 186 276 40 42
3 208 294 40 42
3 235 315 40 42
3 276 308 40 42
3 362 304 40 42
3 367 273 40 42
3 361 211 40 42
3 290 147 40 42
3 324 120 40 42
3 412 28 40 42
3 435 47 40 42
3 477 114 40 42
3 520 108 40 42
3 555 166 40 42
3 470 208 40 42
3 390 301 40 42
3 414 284 40 42
3 450 290 40 42
3 472 308 40 42
3 503 292 40 42
3 504 321 40 42
3 535 280 40 42
3 535 314 40 42
3 579 330 40 42
3 400 406 40 42
3 93 364 40 42
3 258 375 40 42
3 576 255 40 42
