3 37 257 40 42
3 280 97 40 42
3 227 160 40 42
3 203 139 40 42
3 347 87 40 42
3 395 122 40 42
3 379 149 40 42
3 364 169 40 42
3 340 219 40 42
3 287 216 40 42
3 296 260 40 42
3 245 125 40 42
3 98 112 40 42
3 44 25 40 42
3 98 14 40 42
3 61 297 40 42
3 37 325 40 42
3 102 340 40 42
3 202 359 40 42
3 204 307 40 42
3 268 243 40 42
3 242 206 40 42
3 292 162 40 42
3 291 137 40 42
3 263 149 40 42
3 552 288 40 42
3 584 300 40 42
3 376 424 40 42
3 482 384 40 42
3 509 280 40 42
3 484 197 40 42
3 482 114 40 42
3 552 105 40 42
3 517 26 40 42
3 552 30 40 42
3 571 140 40 42
3 235 399 40 42
3 204 75 40 42
