3 27 126 40 42
3 50 197 40 42
3 113 196 40 42
3 191 166 40 42
3 163 112 40 42
3 94 46 40 42
3 242 65 40 42
3 236 117 40 42
3 225 152 40 42
3 422 111 40 42
3 438 140 40 42
3 415 75 40 42
3 300 129 40 42
3 272 136 40 42
3 337 200 40 42
3 300 246 40 42
3 183 357 40 42
3 219 352 40 42
3 161 375 40 42
3 153 342 40 42
3 120 409 40 42
3 145 432 40 42
3 189 431 40 42
3 333 358 40 42
3 371 354 40 42
3 402 284 40 42
3 470 281 40 42
3 542 262 40 42
3 582 263 40 42
3 590 166 40 42
3 609 307 40 42
3 623 336 40 42
3 480 379 40 42
3 313 461 40 42
3 331 433 40 42
3 243 405 40 42
3 387 218 40 42
