3 95 34 40 42
3 75 70 40 42
3 75 220 40 42
3 110 237 40 42
3 153 199 40 42
3 273 117 40 42
3 234 183 40 42
2 387 30 40 42
0 446 34 40 42
2 502 61 40 42
2 454 272 40 42
2 287 175 40 42
2 69 286 40 42
2 45 202 40 42
3 162 298 40 42
3 232 238 40 42
3 239 264 40 42
3 188 311 40 42
3 186 285 40 42
3 220 297 40 42
3 336 249 40 42
3 503 180 40 42
3 535 168 40 42
3 482 111 40 42
3 569 128 40 42
3 393 66 40 42
3 282 91 40 42
3 317 94 40 42
3 341 69 40 42
3 170 430 40 42
3 73 435 40 42
3 129 405 40 42
3 115 370 40 42
3 206 389 40 42
3 241 379 40 42
3 270 359 40 42
3 375 407 40 42
3 431 359 40 42
3 442 302 40 42
3 527 351 40 42
3 545 315 40 42
3 523 270 40 42
3 535 204 40 42
3 600 378 40 42
3 560 383 40 42
3 612 340 40 42
3 611 53 40 42
3 567 76 40 42
3 627 117 40 42
3 147 115 40 42
