3 90 59 40 42
3 72 122 40 42
3 34 232 40 42
3 7 254 40 42
3 70 246 40 42
3 51 280 40 42
3 13 320 40 42
3 28 345 40 42
3 78 219 40 42
3 168 256 40 42
3 186 185 40 42
3 123 272 40 42
3 97 251 40 42
3 250 135 40 42
3 216 87 40 42
3 175 39 40 42
3 351 32 40 42
3 305 146 40 42
3 330 171 40 42
3 383 114 40 42
3 392 28 40 42
3 373 147 40 42
3 302 179 40 42
3 269 255 40 42
3 375 184 40 42
3 483 154 40 42
3 513 162 40 42
3 558 157 40 42
3 586 199 40 42
3 536 203 40 42
3 505 210 40 42
3 564 241 40 42
3 547 305 40 42
3 252 406 40 42
3 185 384 40 42
3 151 375 40 42
3 446 341 40 42
3 499 379 40 42
3 363 404 40 42
3 371 374 40 42
3 405 388 40 42
3 423 319 40 42
