3 142 104 40 42
3 32 286 40 42
3 92 214 40 42
3 93 182 40 42
3 255 18 40 42
3 132 16 40 42
3 94 74 40 42
3 278 112 40 42
3 274 163 40 42
3 290 194 40 42
3 242 190 40 42
3 82 245 40 42
3 110 272 40 42
3 65 352 40 42
3 130 386 40 42
3 102 312 40 42
3 173 364 40 42
3 255 332 40 42
3 297 255 40 42
3 389 199 40 42
3 321 193 40 42
3 427 83 40 42
3 428 41 40 42
3 464 60 40 42
3 502 59 40 42
3 472 206 40 42
3 527 241 40 42
3 541 220 40 42
3 580 100 40 42
3 605 44 40 42
3 222 77 40 42
3 262 373 40 42
3 510 270 40 42
3 580 236 40 42
3 585 199 40 42
3 619 224 40 42
3 565 263 40 42
3 529 308 40 42
3 545 332 40 42
2 337 393 40 42
2 371 141 40 42
2 408 408 40 42
