3 175 114 40 42
3 226 60 40 42
3 268 44 40 42
3 140 100 40 42
3 27 38 40 42
3 120 232 40 42
3 50 212 40 42
3 69 175 40 42
3 65 278 40 42
3 92 294 40 42
3 109 268 40 42
3 133 262 40 42
3 256 205 40 42
3 220 162 40 42
3 312 97 40 42
3 332 65 40 42
3 404 96 40 42
3 418 130 40 42
3 355 213 40 42
3 322 237 40 42
3 262 306 40 42
3 460 195 40 42
3 494 193 40 42
3 492 285 40 42
3 448 266 40 42
3 404 210 40 42
3 543 350 40 42
3 610 317 40 42
3 90 367 40 42
3 18 375 40 42
2 91 437 40 42
2 38 337 40 42
2 125 160 40 42
3 211 307 40 42
3 152 334 40 42
3 294 302 40 42
3 382 356 40 42
3 110 402 40 42
2 285 387 40 42
