0 207 170 40 42
0 217 98 40 42
0 306 112 40 42
0 278 138 40 42
0 230 140 40 42
0 147 320 40 42
0 147 280 40 42
9 481 197 40 42
9 495 313 40 42
0 162 17 40 42
0 316 193 40 42
0 302 469 40 42
0 522 372 40 42
0 390 357 40 42
0 227 333 40 42
0 363 311 40 42
0 394 224 40 42
0 20 210 40 42
0 59 197 40 42
0 257 191 40 42
0 25 150 40 42
0 521 130 40 42
0 120 120 40 42
0 406 98 40 42
0 23 99 40 42
0 548 95 40 42
0 85 79 40 42
0 286 72 40 42
0 476 44 40 42
0 114 45 40 42
0 570 30 40 42
6 528 18 40 42
0 493 11 40 42
0 64 14 40 42
5 207 25 40 42
5 299 405 40 42
5 365 395 40 42
5 450 381 40 42
5 493 400 40 42
5 595 173 40 42
5 479 95 40 42
3 432 411 40 42
3 354 461 40 42
6 347 245 40 42
6 511 71 40 42
9 75 361 40 42
0 35 452 40 42
0 70 435 40 42
0 104 465 40 42
0 100 406 40 42
0 23 402 40 42
0 32 314 40 42
0 145 365 40 42
0 155 433 40 42
0 218 466 40 42
0 199 423 40 42
0 230 399 40 42
9 191 377 40 42
0 583 353 40 42
0 615 382 40 42
0 624 427 40 42
2 613 330 40 42
0 527 430 40 42
0 491 437 40 42
0 485 350 40 42
0 619 243 40 42
0 586 265 40 42
0 553 218 40 42
0 491 264 40 42
0 463 229 40 42
0 437 297 40 42
0 458 317 40 42
0 428 347 40 42
10 262 365 40 42
0 289 308 40 42
0 327 336 40 42
0 207 285 40 42
5 175 260 40 42
0 421 157 40 42
5 436 200 40 42
0 347 182 40 42
0 316 257 40 42
0 614 51 40 42
0 600 91 40 42
2 433 68 40 42
0 464 133 40 42
0 56 119 40 42
0 60 155 40 42
0 145 154 40 42
0 173 182 40 42
0 151 217 40 42
0 196 216 40 42
0 115 220 40 42
0 91 247 40 42
0 157 64 40 42
0 240 64 40 42
0 433 20 40 42
0 393 32 40 42
0 390 178 40 42
0 480 159 40 42
0 535 259 40 42
6 437 121 40 42
2 397 314 40 42
0 264 452 40 42
4 282 237 40 42
