3 498 222 40 42
3 427 135 40 42
3 250 150 40 42
3 278 140 40 42
3 93 170 40 42
3 209 35 40 42
3 502 73 40 42
3 528 386 40 42
3 438 410 40 42
3 370 412 40 42
3 237 367 40 42
3 232 337 40 42
3 185 337 40 42
3 142 256 40 42
3 231 217 40 42
3 367 167 40 42
3 97 442 40 42
3 89 415 40 42
3 31 432 40 42
3 323 343 40 42
2 612 148 40 42
2 527 47 40 42
2 114 98 40 42
2 170 97 40 42
2 397 324 40 42
2 565 239 40 42
2 355 190 40 42
0 242 256 40 42
3 43 85 40 42
3 52 184 40 42
3 83 209 40 42
3 127 192 40 42
3 135 46 40 42
