8 100 432 40 42
8 53 454 40 42
8 58 407 40 42
8 33 370 40 42
8 147 345 40 42
8 103 322 40 42
8 76 279 40 42
8 132 229 40 42
8 95 221 40 42
8 173 229 40 42
8 102 135 40 42
8 49 163 40 42
8 35 112 40 42
8 60 71 40 42
8 10 71 40 42
8 12 31 40 42
8 45 30 40 42
8 69 12 40 42
8 112 19 40 42
8 159 21 40 42
8 121 75 40 42
8 222 71 40 42
8 232 41 40 42
8 277 39 40 42
8 304 17 40 42
8 273 94 40 42
8 231 118 40 42
8 318 79 40 42
8 355 100 40 42
8 395 18 40 42
8 384 126 40 42
8 329 140 40 42
8 270 174 40 42
8 209 152 40 42
8 228 188 40 42
8 217 229 40 42
8 195 273 40 42
8 234 278 40 42
8 175 309 40 42
8 228 352 40 42
8 266 315 40 42
8 327 287 40 42
8 270 243 40 42
8 339 228 40 42
8 362 175 40 42
8 384 228 40 42
8 395 260 40 42
8 393 336 40 42
8 335 349 40 42
8 281 374 40 42
8 296 434 40 42
8 346 417 40 42
8 383 392 40 42
8 426 407 40 42
8 381 461 40 42
8 422 460 40 42
8 445 356 40 42
8 448 317 40 42
8 485 285 40 42
8 555 278 40 42
8 583 261 40 42
8 519 365 40 42
8 558 362 40 42
8 600 375 40 42
8 527 240 40 42
8 573 219 40 42
8 497 195 40 42
8 561 166 40 42
8 489 154 40 42
8 533 152 40 42
8 502 107 40 42
8 504 50 40 42
8 613 57 40 42
8 608 119 40 42
8 627 161 40 42
8 535 8 40 42
8 627 425 40 42
