8 298 434 40 42
8 219 427 40 42
8 161 432 40 42
8 201 464 40 42
8 118 446 40 42
8 121 380 40 42
8 87 336 40 42
8 45 392 40 42
8 43 342 40 42
8 49 305 40 42
8 56 257 40 42
8 26 207 40 42
8 100 181 40 42
8 159 62 40 42
8 43 70 40 42
8 97 28 40 42
8 145 23 40 42
8 312 42 40 42
8 275 94 40 42
8 287 186 40 42
8 189 198 40 42
8 147 234 40 42
8 122 275 40 42
8 161 310 40 42
8 275 280 40 42
8 350 220 40 42
8 392 182 40 42
8 326 159 40 42
8 362 101 40 42
8 402 130 40 42
8 437 124 40 42
8 470 117 40 42
8 507 113 40 42
8 562 83 40 42
8 535 39 40 42
8 480 42 40 42
8 622 110 40 42
8 495 192 40 42
8 531 222 40 42
8 465 246 40 42
8 421 264 40 42
8 342 291 40 42
8 280 350 40 42
8 434 393 40 42
8 468 325 40 42
8 522 311 40 42
8 572 304 40 42
8 550 355 40 42
8 569 385 40 42
8 470 434 40 42
8 401 450 40 42
8 630 429 40 42
8 562 437 40 42
8 127 146 40 42
8 175 266 40 42
