0 27 242 40 42
0 65 218 40 42
0 89 186 40 42
0 43 181 40 42
0 94 145 40 42
0 143 283 40 42
1 209 212 40 42
6 486 353 40 42
0 442 421 40 42
0 427 345 40 42
0 397 321 40 42
0 374 285 40 42
0 33 100 40 42
0 569 44 40 42
0 515 72 40 42
0 349 397 40 42
0 326 86 40 42
0 230 345 40 42
0 404 93 40 42
0 399 50 40 42
0 446 45 40 42
0 339 35 40 42
0 303 47 40 42
0 319 442 40 42
0 299 391 40 42
0 353 231 40 42
0 322 263 40 42
0 308 300 40 42
0 345 326 40 42
0 264 176 40 42
0 191 171 40 42
0 43 139 40 42
0 133 159 40 42
0 100 392 40 42
0 116 422 40 42
0 154 449 40 42
0 188 469 40 42
0 167 358 40 42
0 132 341 40 42
0 435 166 40 42
0 559 110 40 42
0 568 189 40 42
0 607 200 40 42
0 168 237 40 42
0 303 118 40 42
0 407 252 40 42
0 482 243 40 42
0 338 148 40 42
0 335 182 40 42
0 394 219 40 42
0 227 104 40 42
0 233 23 40 42
0 517 431 40 42
0 518 355 40 42
0 567 337 40 42
0 614 294 40 42
0 602 267 40 42
0 573 230 40 42
0 541 258 40 42
0 594 112 40 42
0 606 82 40 42
0 623 147 40 42
0 493 22 40 42
0 450 93 40 42
0 593 433 40 42
0 595 396 40 42
0 601 366 40 42
0 207 426 40 42
0 217 382 40 42
0 194 286 40 42
0 244 141 40 42
0 229 268 40 42
0 67 431 40 42
0 80 458 40 42
0 117 474 40 42
0 120 205 40 42
0 376 353 40 42
0 146 394 40 42
0 317 473 40 42
0 386 471 40 42
0 469 470 40 42
0 527 469 40 42
0 21 456 40 42
0 12 381 40 42
0 462 12 40 42
0 424 16 40 42
0 68 12 40 42
0 170 17 40 42
9 115 95 40 42
6 248 220 40 42
0 55 364 40 42
3 558 395 40 42
3 539 375 40 42
0 255 301 40 42
8 291 148 40 42
0 464 320 40 42
0 448 275 40 42
0 477 120 40 42
6 475 75 40 42
0 584 150 40 42
0 532 13 40 42
9 34 57 40 42
3 187 392 40 42
0 466 201 40 42
8 493 173 40 42
0 260 73 40 42
0 87 46 40 42
0 531 140 40 42
0 149 107 40 42
0 96 239 40 42
0 272 459 40 42
6 278 352 40 42
6 368 431 40 42
6 133 239 40 42
