5 250 426 40 42
5 448 117 40 42
5 468 69 40 42
0 308 213 40 42
3 449 303 40 42
0 590 26 40 42
0 518 464 40 42
0 253 465 40 42
0 561 450 40 42
6 56 449 40 42
0 25 370 40 42
0 190 352 40 42
0 560 347 40 42
0 635 327 40 42
0 341 316 40 42
0 625 293 40 42
0 502 272 40 42
0 32 265 40 42
0 145 252 40 42
0 632 241 40 42
0 351 247 40 42
0 9 237 40 42
0 241 229 40 42
0 44 215 40 42
0 81 218 40 42
0 627 197 40 42
0 210 199 40 42
0 120 182 40 42
0 292 174 40 42
0 626 163 40 42
1 83 154 40 42
0 414 150 40 42
0 363 136 40 42
0 326 117 40 42
0 280 108 40 42
0 390 116 40 42
0 620 106 40 42
0 216 101 40 42
0 83 73 40 42
5 429 330 40 42
5 350 438 40 42
5 175 437 40 42
7 180 275 40 42
9 166 213 40 42
9 592 83 40 42
6 290 328 40 42
0 335 166 40 42
0 35 39 40 42
0 90 17 40 42
0 134 28 40 42
0 135 86 40 42
0 152 120 40 42
2 64 114 40 42
0 218 20 40 42
0 322 19 40 42
0 358 35 40 42
0 407 40 40 42
0 398 67 40 42
0 504 28 40 42
0 557 55 40 42
0 534 86 40 42
0 553 116 40 42
0 590 140 40 42
0 517 151 40 42
0 505 191 40 42
0 515 225 40 42
0 559 219 40 42
0 582 211 40 42
0 597 269 40 42
0 601 328 40 42
0 507 344 40 42
0 487 303 40 42
0 455 152 40 42
0 455 231 40 42
0 462 269 40 42
0 411 285 40 42
0 388 360 40 42
0 514 380 40 42
0 477 419 40 42
0 539 417 40 42
0 607 451 40 42
0 293 425 40 42
0 308 444 40 42
0 340 387 40 42
0 279 277 40 42
0 253 295 40 42
0 324 277 40 42
0 95 433 40 42
0 53 393 40 42
0 101 388 40 42
0 104 349 40 42
0 230 327 40 42
0 192 155 40 42
0 221 156 40 42
2 252 182 40 42
0 485 105 40 42
0 299 375 40 42
9 458 185 40 42
9 347 209 40 42
9 459 387 40 42
9 165 402 40 42
9 229 367 40 42
0 226 399 40 42
0 388 402 40 42
0 104 246 40 42
2 125 217 40 42
