0 548 117 40 42
0 577 31 40 42
6 507 30 40 42
0 538 56 40 42
0 448 35 40 42
5 400 38 40 42
5 316 60 40 42
0 612 152 40 42
0 421 105 40 42
0 420 151 40 42
0 459 195 40 42
0 470 95 40 42
0 340 101 40 42
0 400 201 40 42
0 370 164 40 42
0 448 285 40 42
0 383 267 40 42
0 515 292 40 42
0 250 302 40 42
0 251 157 40 42
5 118 63 40 42
2 201 138 40 42
0 177 257 40 42
0 96 324 40 42
6 332 34 40 42
6 22 133 40 42
6 170 167 40 42
0 191 207 40 42
0 95 187 40 42
0 78 90 40 42
0 287 28 40 42
0 266 76 40 42
0 213 74 40 42
0 202 35 40 42
0 117 15 40 42
0 60 42 40 42
0 26 177 40 42
6 145 112 40 42
0 68 276 40 42
0 159 321 40 42
5 181 354 40 42
0 55 349 40 42
0 38 455 40 42
0 67 434 40 42
0 15 420 40 42
0 113 394 40 42
0 122 360 40 42
0 52 399 40 42
6 138 279 40 42
0 21 286 40 42
6 283 395 40 42
0 245 425 40 42
0 361 435 40 42
0 330 415 40 42
0 402 420 40 42
0 448 454 40 42
6 524 336 40 42
0 537 459 40 42
0 342 282 40 42
0 300 257 40 42
0 421 238 40 42
3 503 405 40 42
0 210 395 40 42
0 371 380 40 42
0 406 359 40 42
0 442 365 40 42
