6 547 11 40 42
1 147 455 40 42
10 49 429 40 42
6 229 187 40 42
0 305 246 40 42
0 389 190 40 42
0 610 231 40 42
0 362 306 40 42
0 306 304 40 42
0 220 364 40 42
0 61 195 40 42
0 106 327 40 42
0 132 360 40 42
0 467 377 40 42
0 464 342 40 42
0 123 207 40 42
0 70 471 40 42
0 504 430 40 42
0 234 408 40 42
0 374 397 40 42
0 22 388 40 42
0 507 372 40 42
0 635 358 40 42
0 260 349 40 42
0 173 331 40 42
0 515 302 40 42
0 64 294 40 42
0 620 267 40 42
0 387 266 40 42
0 503 259 40 42
0 45 248 40 42
0 173 243 40 42
0 223 237 40 42
0 461 222 40 42
0 331 216 40 42
0 291 204 40 42
0 312 176 40 42
0 18 174 40 42
0 383 150 40 42
0 584 145 40 42
0 435 144 40 42
0 503 135 40 42
0 58 130 40 42
0 303 131 40 42
0 155 130 40 42
0 102 126 40 42
0 542 120 40 42
0 353 110 40 42
0 464 85 40 42
0 64 86 40 42
0 387 82 40 42
0 581 32 40 42
0 622 22 40 42
0 320 8 40 42
0 216 11 40 42
0 136 10 40 42
5 195 44 40 42
5 109 54 40 42
5 214 285 40 42
5 417 256 40 42
5 621 162 40 42
0 567 335 40 42
0 591 292 40 42
0 557 272 40 42
0 560 220 40 42
0 599 350 40 42
0 596 397 40 42
0 571 428 40 42
0 537 460 40 42
0 434 297 40 42
0 472 302 40 42
0 422 332 40 42
0 406 378 40 42
0 377 340 40 42
0 585 73 40 42
0 487 47 40 42
0 322 42 40 42
0 312 77 40 42
0 380 12 40 42
0 320 343 40 42
0 298 370 40 42
0 216 318 40 42
0 65 387 40 42
0 122 252 40 42
0 84 167 40 42
0 45 45 40 42
0 258 8 40 42
0 254 50 40 42
0 202 101 40 42
0 240 108 40 42
0 458 456 40 42
0 185 470 40 42
3 485 18 40 42
0 159 39 40 42
2 56 10 40 42
2 545 154 40 42
11 625 101 40 42
5 264 275 40 42
