8 402 186 40 42
8 341 242 40 42
8 344 278 40 42
8 535 268 40 42
8 508 117 40 42
8 499 46 40 42
7 303 276 40 42
0 455 323 40 42
3 399 470 40 42
3 253 456 40 42
3 180 381 40 42
3 84 340 40 42
3 178 327 40 42
3 387 301 40 42
3 80 303 40 42
3 322 299 40 42
3 478 282 40 42
3 441 274 40 42
3 620 212 40 42
3 237 208 40 42
3 317 198 40 42
8 550 185 40 42
3 137 174 40 42
3 518 165 40 42
3 224 124 40 42
3 394 102 40 42
8 475 94 40 42
3 415 70 40 42
3 249 72 40 42
3 372 70 40 42
3 534 22 40 42
3 405 15 40 42
3 163 7 40 42
3 506 202 40 42
3 440 87 40 42
3 560 123 40 42
3 576 87 40 42
3 282 96 40 42
3 308 134 40 42
3 254 110 40 42
3 172 63 40 42
3 145 83 40 42
3 187 91 40 42
3 232 166 40 42
3 535 101 40 42
3 537 59 40 42
3 367 452 40 42
9 480 379 40 42
3 40 281 40 42
3 132 284 40 42
3 102 235 40 42
3 193 229 40 42
3 300 231 40 42
3 278 205 40 42
3 289 168 40 42
3 243 30 40 42
3 272 20 40 42
3 512 365 40 42
3 472 460 40 42
3 67 42 40 42
7 96 62 40 42
7 86 84 40 42
8 51 436 40 42
8 550 294 40 42
8 213 53 40 42
3 249 361 40 42
3 241 305 40 42
3 230 262 40 42
3 341 340 40 42
3 143 388 40 42
3 592 303 40 42
3 339 63 40 42
3 355 188 40 42
3 151 135 40 42
8 440 413 40 42
7 530 416 40 42
8 280 134 40 42
3 212 350 40 42
3 294 367 40 42
3 318 339 40 42
3 291 415 40 42
3 257 397 40 42
3 310 447 40 42
3 69 409 40 42
3 47 324 40 42
3 419 142 40 42
3 382 139 40 42
3 475 239 40 42
3 546 334 40 42
3 627 276 40 42
3 589 192 40 42
3 41 110 40 42
3 82 120 40 42
3 524 443 40 42
3 545 449 40 42
8 105 441 40 42
8 136 208 40 42
8 61 254 40 42
0 112 366 40 42
6 195 422 40 42
6 231 418 40 42
3 188 25 40 42
3 97 23 40 42
3 110 152 40 42
3 117 112 40 42
3 187 120 40 42
3 199 162 40 42
3 171 179 40 42
3 140 251 40 42
3 168 219 40 42
3 318 102 40 42
3 487 154 40 42
3 475 28 40 42
3 434 35 40 42
3 598 343 40 42
3 448 372 40 42
3 480 413 40 42
2 427 227 40 42
2 610 63 40 42
3 618 100 40 42
3 147 342 40 42
3 70 8 40 42
3 40 63 40 42
3 339 150 40 42
3 290 56 40 42
3 586 397 40 42
3 360 420 40 42
3 399 404 40 42
3 356 308 40 42
3 536 389 40 42
3 529 229 40 42
3 566 223 40 42
3 575 266 40 42
3 426 344 40 42
3 386 336 40 42
3 598 29 40 42
3 564 48 40 42
3 561 17 40 42
3 26 178 40 42
