4 205 207 40 42
4 175 339 40 42
4 53 328 40 42
4 451 65 40 42
4 423 241 40 42
4 300 241 40 42
4 271 147 40 42
4 316 41 40 42
4 469 336 40 42
4 495 363 40 42
4 339 288 40 42
4 329 429 40 42
4 580 452 40 42
4 95 84 40 42
4 173 141 40 42
0 131 354 40 42
2 37 227 40 42
6 327 205 40 42
0 72 425 40 42
0 308 109 40 42
4 74 42 40 42
4 143 39 40 42
4 124 8 40 42
4 241 36 40 42
4 122 198 40 42
11 568 197 40 42
4 255 411 40 42
4 168 420 40 42
4 74 380 40 42
4 27 410 40 42
4 30 367 40 42
4 517 443 40 42
4 473 418 40 42
4 541 407 40 42
9 385 118 40 42
9 387 220 40 42
9 566 84 40 42
9 625 103 40 42
9 524 190 40 42
9 493 64 40 42
9 347 82 40 42
9 401 371 40 42
6 190 460 40 42
9 595 232 40 42
11 355 163 40 42
