4 209 386 40 42
4 175 258 40 42
4 141 154 40 42
4 45 205 40 42
4 45 243 40 42
4 47 69 40 42
4 489 375 40 42
4 565 232 40 42
4 376 415 40 42
11 228 55 40 42
11 600 294 40 42
11 93 247 40 42
11 221 259 40 42
11 400 304 40 42
11 376 203 40 42
4 319 22 40 42
4 115 188 40 42
9 202 355 40 42
9 417 143 40 42
9 432 81 40 42
9 518 436 40 42
7 517 286 40 42
4 262 142 40 42
10 224 463 40 42
10 398 443 40 42
10 567 403 40 42
10 517 397 40 42
10 620 360 40 42
11 290 363 40 42
4 258 253 40 42
4 124 332 40 42
0 353 369 40 42
4 295 85 40 42
4 80 41 40 42
4 92 14 40 42
4 472 37 40 42
4 589 188 40 42
3 479 152 40 42
3 478 182 40 42
4 450 210 40 42
4 492 212 40 42
4 109 102 40 42
0 216 316 40 42
0 241 210 40 42
0 308 227 40 42
11 219 130 40 42
11 199 218 40 42
11 322 278 40 42
9 277 305 40 42
4 518 25 40 42
4 533 50 40 42
