11 288 326 40 42
11 91 100 40 42
11 365 186 40 42
3 139 361 40 42
4 38 64 40 42
4 124 29 40 42
4 162 153 40 42
4 142 207 40 42
4 92 204 40 42
4 232 162 40 42
4 391 71 40 42
4 413 101 40 42
4 500 35 40 42
4 526 180 40 42
4 560 158 40 42
4 416 219 40 42
4 284 458 40 42
4 258 416 40 42
4 88 385 40 42
4 591 325 40 42
11 529 432 40 42
11 553 400 40 42
6 222 75 40 42
3 321 56 40 42
9 275 20 40 42
11 223 14 40 42
11 442 17 40 42
11 480 107 40 42
0 589 45 40 42
6 548 268 40 42
9 578 213 40 42
9 516 291 40 42
9 491 312 40 42
0 11 418 40 42
4 317 392 40 42
4 497 359 40 42
4 623 115 40 42
11 203 325 40 42
9 399 370 40 42
10 181 347 40 42
0 271 189 40 42
0 272 286 40 42
11 335 241 40 42
0 168 48 40 42
9 343 413 40 42
9 491 397 40 42
9 601 155 40 42
