11 255 432 40 42
11 328 410 40 42
11 347 372 40 42
11 487 105 40 42
4 365 253 40 42
4 312 304 40 42
4 302 240 40 42
4 254 257 40 42
4 386 298 40 42
4 427 316 40 42
4 462 277 40 42
4 247 101 40 42
4 272 162 40 42
4 237 192 40 42
4 152 167 40 42
4 97 240 40 42
3 407 57 40 42
9 618 184 40 42
9 596 306 40 42
9 444 79 40 42
8 185 458 40 42
7 404 445 40 42
9 525 365 40 42
0 515 253 40 42
0 547 40 40 42
11 393 19 40 42
6 320 87 40 42
4 210 286 40 42
4 217 351 40 42
11 26 115 40 42
0 134 215 40 42
0 385 175 40 42
6 497 299 40 42
4 31 422 40 42
0 367 114 40 42
0 139 326 40 42
9 81 321 40 42
10 98 188 40 42
4 304 447 40 42
4 535 308 40 42
4 404 233 40 42
7 178 294 40 42
1 547 154 40 42
6 503 185 40 42
6 254 314 40 42
6 258 372 40 42
4 207 130 40 42
