4 329 443 40 42
4 214 385 40 42
4 199 344 40 42
4 65 233 40 42
4 18 274 40 42
4 182 154 40 42
7 232 163 40 42
4 428 217 40 42
4 392 167 40 42
4 404 119 40 42
4 479 116 40 42
4 314 132 40 42
4 363 77 40 42
4 207 114 40 42
4 134 85 40 42
4 214 263 40 42
4 311 315 40 42
4 126 371 40 42
4 556 370 40 42
4 605 308 40 42
4 608 187 40 42
4 382 235 40 42
5 215 209 40 42
3 503 50 40 42
3 533 58 40 42
3 546 160 40 42
9 460 165 40 42
9 30 445 40 42
11 543 317 40 42
9 175 228 40 42
10 347 250 40 42
4 480 296 40 42
0 547 12 40 42
0 622 78 40 42
0 446 79 40 42
4 322 60 40 42
11 330 17 40 42
6 22 202 40 42
9 472 387 40 42
9 449 357 40 42
9 45 40 40 42
9 501 85 40 42
4 566 208 40 42
