4 128 128 40 42
4 133 452 40 42
4 145 392 40 42
4 167 340 40 42
4 106 350 40 42
4 96 309 40 42
4 71 195 40 42
4 15 177 40 42
4 82 90 40 42
4 59 30 40 42
4 159 169 40 42
4 231 144 40 42
4 249 274 40 42
4 207 274 40 42
4 180 316 40 42
4 290 351 40 42
4 410 191 40 42
4 382 46 40 42
4 542 102 40 42
4 473 37 40 42
4 560 55 40 42
4 512 236 40 42
4 482 284 40 42
4 306 255 40 42
3 467 76 40 42
2 322 420 40 42
11 244 435 40 42
11 269 174 40 42
0 188 64 40 42
0 343 110 40 42
11 301 123 40 42
11 435 83 40 42
3 43 347 40 42
0 32 106 40 42
9 552 407 40 42
9 510 407 40 42
9 514 55 40 42
11 82 445 40 42
11 39 457 40 42
8 520 146 40 42
3 570 293 40 42
3 551 212 40 42
3 469 411 40 42
3 459 453 40 42
3 490 358 40 42
0 535 332 40 42
3 484 152 40 42
11 230 87 40 42
6 201 229 40 42
3 59 407 40 42
3 273 395 40 42
3 171 27 40 42
3 345 52 40 42
