3 107 359 40 42
3 178 171 40 42
3 233 157 40 42
3 275 464 40 42
3 357 28 40 42
4 87 162 40 42
4 109 114 40 42
4 28 125 40 42
4 21 193 40 42
4 199 240 40 42
4 251 225 40 42
4 291 211 40 42
4 349 235 40 42
4 352 143 40 42
4 319 108 40 42
4 299 48 40 42
4 257 65 40 42
4 237 24 40 42
4 380 96 40 42
4 405 35 40 42
4 421 8 40 42
4 438 140 40 42
4 411 200 40 42
4 463 257 40 42
4 430 277 40 42
4 455 326 40 42
4 383 313 40 42
4 341 308 40 42
4 390 369 40 42
4 432 393 40 42
4 474 440 40 42
4 532 420 40 42
4 552 354 40 42
4 543 290 40 42
4 549 219 40 42
4 601 229 40 42
4 619 89 40 42
4 222 309 40 42
4 202 362 40 42
4 225 399 40 42
4 254 337 40 42
4 269 381 40 42
4 282 304 40 42
4 136 394 40 42
4 93 393 40 42
4 87 429 40 42
4 167 423 40 42
4 122 61 40 42
3 137 335 40 42
3 284 168 40 42
4 464 206 40 42
4 131 175 40 42
4 348 202 40 42
4 570 401 40 42
7 70 79 40 42
7 279 267 40 42
0 182 296 40 42
9 572 69 40 42
9 181 198 40 42
9 144 227 40 42
3 310 403 40 42
4 327 341 40 42
3 497 243 40 42
3 499 162 40 42
3 545 41 40 42
3 367 425 40 42
3 574 452 40 42
4 43 465 40 42
4 5 345 40 42
