3 247 251 40 42
3 98 343 40 42
3 76 422 40 42
4 266 435 40 42
4 207 456 40 42
4 126 420 40 42
4 111 389 40 42
4 29 412 40 42
4 243 374 40 42
7 239 316 40 42
3 462 394 40 42
4 541 448 40 42
4 510 364 40 42
4 518 321 40 42
4 480 276 40 42
4 482 221 40 42
4 555 219 40 42
4 601 205 40 42
4 341 267 40 42
4 306 225 40 42
4 289 120 40 42
4 202 113 40 42
4 158 117 40 42
4 94 122 40 42
4 82 182 40 42
4 53 153 40 42
4 10 195 40 42
4 44 250 40 42
4 58 277 40 42
4 100 305 40 42
4 163 263 40 42
4 190 229 40 42
4 133 203 40 42
4 224 190 40 42
4 352 168 40 42
4 332 121 40 42
4 387 113 40 42
4 389 69 40 42
4 429 32 40 42
4 436 101 40 42
4 442 138 40 42
4 482 103 40 42
4 485 48 40 42
4 520 75 40 42
4 550 14 40 42
4 537 175 40 42
4 594 22 40 42
4 98 33 40 42
4 50 35 40 42
4 70 88 40 42
9 187 155 40 42
9 222 55 40 42
9 182 72 40 42
9 270 37 40 42
9 521 113 40 42
9 136 356 40 42
4 310 369 40 42
7 171 432 40 42
7 290 168 40 42
7 523 51 40 42
10 543 251 40 42
7 172 390 40 42
9 339 462 40 42
9 357 444 40 42
7 521 285 40 42
7 450 181 40 42
3 490 173 40 42
3 357 22 40 42
4 572 128 40 42
4 515 146 40 42
9 608 107 40 42
9 296 64 40 42
4 156 37 40 42
