3 403 240 40 42
3 537 62 40 42
4 87 435 40 42
4 60 398 40 42
4 124 360 40 42
4 91 333 40 42
4 137 296 40 42
4 174 278 40 42
4 170 233 40 42
4 225 251 40 42
4 266 341 40 42
4 266 273 40 42
4 327 294 40 42
4 317 240 40 42
4 286 211 40 42
4 271 173 40 42
4 214 174 40 42
4 254 112 40 42
4 320 91 40 42
4 396 105 40 42
4 395 152 40 42
4 350 169 40 42
4 435 170 40 42
4 455 208 40 42
4 399 307 40 42
4 509 321 40 42
4 468 357 40 42
4 537 249 40 42
4 527 187 40 42
4 570 107 40 42
4 497 51 40 42
4 531 18 40 42
4 110 17 40 42
4 14 39 40 42
4 28 188 40 42
4 49 232 40 42
4 117 153 40 42
4 175 144 40 42
4 249 59 40 42
4 194 361 40 42
4 227 381 40 42
4 150 428 40 42
4 123 398 40 42
4 188 456 40 42
4 312 356 40 42
4 357 438 40 42
4 302 448 40 42
4 492 426 40 42
4 399 425 40 42
4 541 347 40 42
4 599 363 40 42
4 583 239 40 42
4 600 203 40 42
4 614 298 40 42
4 365 383 40 42
4 9 360 40 42
4 40 116 40 42
9 62 136 40 42
9 280 86 40 42
9 207 302 40 42
3 200 420 40 42
3 229 452 40 42
4 633 54 40 42
4 622 22 40 42
9 615 117 40 42
3 112 106 40 42
3 490 390 40 42
