4 61 77 40 42
4 189 62 40 42
4 415 63 40 42
4 329 234 40 42
4 274 230 40 42
4 290 183 40 42
4 210 330 40 42
4 231 299 40 42
4 347 315 40 42
4 362 402 40 42
4 452 303 40 42
4 579 63 40 42
4 497 52 40 42
4 511 16 40 42
4 445 11 40 42
4 594 260 40 42
4 542 280 40 42
3 256 377 40 42
3 296 360 40 42
3 316 427 40 42
3 169 325 40 42
3 120 330 40 42
3 144 360 40 42
7 176 418 40 42
3 288 100 40 42
11 447 184 40 42
11 92 131 40 42
4 453 127 40 42
4 300 137 40 42
4 351 151 40 42
4 506 122 40 42
6 563 371 40 42
3 524 442 40 42
4 52 245 40 42
4 396 17 40 42
4 629 87 40 42
4 557 427 40 42
0 384 188 40 42
0 357 42 40 42
3 79 37 40 42
9 112 199 40 42
9 188 197 40 42
9 589 455 40 42
4 343 360 40 42
4 277 301 40 42
0 420 263 40 42
4 465 250 40 42
9 567 181 40 42
11 140 121 40 42
11 205 102 40 42
7 517 340 40 42
6 527 175 40 42
11 223 141 40 42
