4 314 343 40 42
4 256 389 40 42
4 500 294 40 42
4 483 384 40 42
4 543 357 40 42
4 586 279 40 42
4 551 188 40 42
4 30 326 40 42
4 70 215 40 42
4 97 161 40 42
4 192 136 40 42
3 360 369 40 42
3 94 385 40 42
3 330 57 40 42
3 501 150 40 42
3 459 155 40 42
6 379 220 40 42
11 431 268 40 42
4 412 106 40 42
9 454 49 40 42
9 37 80 40 42
9 199 27 40 42
9 589 151 40 42
9 593 215 40 42
9 543 262 40 42
9 383 260 40 42
7 118 225 40 42
4 62 103 40 42
4 40 17 40 42
4 96 13 40 42
4 316 158 40 42
4 346 147 40 42
11 107 435 40 42
0 190 52 40 42
5 63 143 40 42
1 40 249 40 42
7 545 95 40 42
4 575 16 40 42
0 252 98 40 42
0 288 63 40 42
8 240 205 40 42
8 286 272 40 42
2 91 63 40 42
