4 552 352 40 42
4 493 379 40 42
4 318 343 40 42
4 254 391 40 42
4 110 437 40 42
4 576 274 40 42
11 436 263 40 42
7 543 99 40 42
3 97 379 40 42
3 357 367 40 42
4 71 216 40 42
4 105 160 40 42
4 201 131 40 42
4 221 8 40 42
4 97 1 40 42
4 39 22 40 42
4 65 99 40 42
4 26 329 40 42
4 30 377 40 42
4 554 197 40 42
4 405 103 40 42
4 576 10 40 42
6 379 217 40 42
9 385 267 40 42
9 550 259 40 42
9 591 213 40 42
9 591 151 40 42
9 202 31 40 42
9 102 120 40 42
9 36 71 40 42
9 18 103 40 42
7 120 228 40 42
4 94 297 40 42
4 182 245 40 42
4 603 463 40 42
4 395 380 40 42
4 502 295 40 42
3 504 157 40 42
3 452 164 40 42
3 336 63 40 42
5 251 110 40 42
0 290 67 40 42
0 179 57 40 42
11 128 354 40 42
9 449 42 40 42
