3 31 345 40 42
3 39 317 40 42
3 183 415 40 42
3 192 334 40 42
3 232 230 40 42
3 251 166 40 42
3 263 62 40 42
3 249 95 40 42
3 216 77 40 42
3 84 115 40 42
3 41 117 40 42
3 68 24 40 42
3 360 14 40 42
3 128 320 40 42
3 201 302 40 42
3 283 286 40 42
3 267 249 40 42
3 373 229 40 42
3 351 250 40 42
3 432 146 40 42
3 400 47 40 42
3 331 371 40 42
3 366 327 40 42
3 395 365 40 42
3 426 370 40 42
3 369 393 40 42
3 495 243 40 42
3 557 149 40 42
3 596 134 40 42
3 601 115 40 42
3 622 80 40 42
3 526 149 40 42
3 545 183 40 42
3 547 11 40 42
3 79 450 40 42
3 183 95 40 42
3 302 248 40 42
3 360 460 40 42
3 545 341 40 42
3 532 373 40 42
3 275 101 40 42
3 287 174 40 42
3 302 129 40 42
3 575 404 40 42
3 366 429 40 42
3 399 468 40 42
3 177 467 40 42
3 8 21 40 42
3 213 12 40 42
3 59 59 40 42
3 137 240 40 42
3 166 19 40 42
2 57 235 40 42
2 195 46 40 42
0 32 85 40 42
0 133 57 40 42
0 110 14 40 42
0 140 151 40 42
0 160 102 40 42
0 182 204 40 42
0 141 187 40 42
0 250 124 40 42
3 262 205 40 42
3 304 28 40 42
3 348 65 40 42
0 381 187 40 42
0 405 165 40 42
6 571 67 40 42
0 539 115 40 42
3 397 253 40 42
3 434 246 40 42
2 148 276 40 42
2 186 245 40 42
0 222 273 40 42
0 182 276 40 42
3 80 276 40 42
2 110 352 40 42
0 102 426 40 42
0 137 413 40 42
0 345 302 40 42
0 605 354 40 42
0 29 458 40 42
3 291 428 40 42
0 384 295 40 42
3 434 308 40 42
0 320 334 40 42
3 474 165 40 42
3 582 444 40 42
0 464 129 40 42
0 482 93 40 42
0 515 71 40 42
0 506 419 40 42
0 539 443 40 42
0 475 389 40 42
0 479 314 40 42
3 329 407 40 42
3 268 454 40 42
3 306 452 40 42
3 25 150 40 42
0 259 400 40 42
