3 187 426 40 42
3 165 452 40 42
3 622 307 40 42
3 398 352 40 42
3 124 290 40 42
3 64 171 40 42
3 92 152 40 42
3 310 28 40 42
3 151 44 40 42
3 221 18 40 42
3 361 165 40 42
3 476 200 40 42
3 446 157 40 42
3 296 217 40 42
3 240 98 40 42
3 447 68 40 42
3 401 68 40 42
3 367 49 40 42
3 501 27 40 42
3 528 62 40 42
2 459 333 40 42
2 495 292 40 42
6 302 308 40 42
6 119 72 40 42
3 118 20 40 42
0 276 50 40 42
0 195 64 40 42
0 235 58 40 42
0 234 133 40 42
0 187 258 40 42
3 47 298 40 42
3 546 429 40 42
3 590 391 40 42
0 357 463 40 42
0 480 450 40 42
0 469 387 40 42
0 377 391 40 42
0 302 389 40 42
0 293 356 40 42
0 333 357 40 42
2 379 330 40 42
0 539 120 40 42
0 561 76 40 42
0 616 107 40 42
0 612 153 40 42
2 546 200 40 42
0 533 241 40 42
2 578 280 40 42
0 548 313 40 42
0 512 407 40 42
0 529 373 40 42
3 582 186 40 42
3 592 242 40 42
0 617 213 40 42
0 482 243 40 42
2 454 286 40 42
0 397 207 40 42
0 355 227 40 42
0 352 276 40 42
0 413 399 40 42
0 335 64 40 42
0 316 100 40 42
0 355 124 40 42
0 436 8 40 42
0 396 8 40 42
3 408 265 40 42
3 408 233 40 42
0 275 259 40 42
0 248 217 40 42
0 258 460 40 42
0 227 362 40 42
9 223 324 40 42
0 170 337 40 42
0 134 399 40 42
0 84 347 40 42
0 39 339 40 42
0 10 373 40 42
2 54 397 40 42
0 132 458 40 42
0 61 463 40 42
0 343 318 40 42
0 189 383 40 42
3 113 357 40 42
3 132 205 40 42
2 121 177 40 42
2 30 163 40 42
0 35 122 40 42
3 49 73 40 42
3 102 100 40 42
0 69 122 40 42
0 156 231 40 42
0 174 180 40 42
0 152 150 40 42
0 128 122 40 42
0 232 180 40 42
0 414 176 40 42
