3 299 369 40 42
3 507 345 40 42
3 446 233 40 42
3 467 208 40 42
3 285 140 40 42
3 381 9 40 42
3 574 251 40 42
3 536 242 40 42
3 442 276 40 42
3 131 395 40 42
3 142 363 40 42
3 481 436 40 42
3 604 458 40 42
3 611 310 40 42
3 72 79 40 42
3 142 304 40 42
3 402 47 40 42
3 606 224 40 42
3 286 465 40 42
3 251 468 40 42
3 193 116 40 42
3 460 32 40 42
2 503 50 40 42
2 569 109 40 42
3 382 140 40 42
3 397 170 40 42
3 427 159 40 42
3 467 164 40 42
2 118 30 40 42
3 263 355 40 42
3 636 106 40 42
2 597 24 40 42
0 610 53 40 42
2 614 86 40 42
0 537 77 40 42
2 515 126 40 42
0 543 166 40 42
2 505 187 40 42
0 343 404 40 42
0 502 251 40 42
0 483 314 40 42
0 455 337 40 42
0 404 289 40 42
0 400 209 40 42
0 375 102 40 42
0 84 298 40 42
2 118 361 40 42
2 49 445 40 42
2 208 148 40 42
2 511 436 40 42
0 606 170 40 42
0 347 306 40 42
0 302 325 40 42
2 322 88 40 42
0 345 17 40 42
0 270 81 40 42
0 260 25 40 42
2 196 8 40 42
0 162 50 40 42
2 138 85 40 42
2 97 113 40 42
0 43 103 40 42
0 37 145 40 42
3 50 47 40 42
3 33 71 40 42
0 77 153 40 42
0 19 244 40 42
0 138 151 40 42
2 157 190 40 42
3 96 191 40 42
0 216 182 40 42
2 247 156 40 42
9 317 158 40 42
2 195 285 40 42
0 24 349 40 42
0 7 435 40 42
0 247 402 40 42
0 414 367 40 42
2 459 464 40 42
0 469 391 40 42
3 287 284 40 42
0 326 195 40 42
0 320 237 40 42
0 567 327 40 42
3 545 283 40 42
0 533 397 40 42
0 426 427 40 42
