3 147 385 40 42
3 87 422 40 42
3 70 396 40 42
3 58 373 40 42
3 207 252 40 42
3 248 227 40 42
3 203 207 40 42
3 140 223 40 42
3 97 222 40 42
3 112 138 40 42
3 57 94 40 42
3 32 66 40 42
3 346 350 40 42
3 319 319 40 42
3 158 415 40 42
3 20 407 40 42
3 23 369 40 42
3 28 335 40 42
3 33 273 40 42
3 32 241 40 42
3 99 45 40 42
3 65 15 40 42
3 140 89 40 42
3 179 65 40 42
3 216 37 40 42
3 275 118 40 42
3 414 22 40 42
3 466 16 40 42
3 377 343 40 42
3 180 393 40 42
0 296 269 40 42
0 393 65 40 42
0 298 57 40 42
0 459 85 40 42
11 491 117 40 42
0 66 132 40 42
0 152 167 40 42
0 198 165 40 42
3 152 126 40 42
0 156 27 40 42
3 272 25 40 42
9 350 126 40 42
9 504 77 40 42
3 614 402 40 42
3 627 282 40 42
3 565 300 40 42
0 504 355 40 42
0 480 392 40 42
2 589 105 40 42
0 627 29 40 42
0 587 21 40 42
0 580 134 40 42
0 527 127 40 42
2 313 364 40 42
0 237 376 40 42
0 238 432 40 42
0 274 390 40 42
0 427 385 40 42
0 396 271 40 42
3 396 314 40 42
3 434 310 40 42
3 458 254 40 42
3 454 212 40 42
0 572 391 40 42
3 158 453 40 42
0 134 354 40 42
0 97 369 40 42
2 100 336 40 42
0 193 325 40 42
0 21 464 40 42
3 556 39 40 42
3 545 81 40 42
3 608 62 40 42
3 616 185 40 42
3 594 262 40 42
0 550 175 40 42
3 496 237 40 42
3 540 245 40 42
3 524 306 40 42
0 549 355 40 42
6 587 337 40 42
0 537 426 40 42
3 574 451 40 42
3 341 240 40 42
9 94 89 40 42
11 39 201 40 42
3 88 177 40 42
3 64 200 40 42
0 167 274 40 42
0 303 213 40 42
0 321 90 40 42
0 378 102 40 42
3 433 131 40 42
2 469 146 40 42
3 441 180 40 42
3 326 182 40 42
3 361 209 40 42
3 247 101 40 42
6 260 188 40 42
3 256 147 40 42
