0 72 447 40 42
0 265 423 40 42
2 505 126 40 42
2 616 116 40 42
0 241 381 40 42
0 37 387 40 42
0 345 245 40 42
0 288 306 40 42
0 111 147 40 42
0 25 89 40 42
9 85 232 40 42
9 348 295 40 42
6 508 77 40 42
6 416 105 40 42
9 439 425 40 42
9 322 368 40 42
6 444 175 40 42
5 86 44 40 42
5 140 217 40 42
5 114 323 40 42
11 362 119 40 42
11 303 158 40 42
0 29 240 40 42
0 45 202 40 42
0 187 117 40 42
0 180 239 40 42
0 233 230 40 42
0 168 160 40 42
0 177 62 40 42
0 311 88 40 42
0 361 75 40 42
0 201 195 40 42
0 244 103 40 42
0 214 79 40 42
0 404 139 40 42
0 471 39 40 42
0 457 80 40 42
6 353 184 40 42
0 550 122 40 42
6 569 161 40 42
11 561 220 40 42
0 498 202 40 42
0 520 234 40 42
0 605 240 40 42
11 381 309 40 42
0 235 310 40 42
0 260 265 40 42
0 43 330 40 42
0 130 413 40 42
0 27 436 40 42
11 21 121 40 42
0 49 296 40 42
