3 198 415 40 42
3 160 401 40 42
3 96 449 40 42
3 138 417 40 42
3 398 320 40 42
3 360 368 40 42
3 352 400 40 42
3 312 422 40 42
3 301 352 40 42
3 386 420 40 42
3 468 314 40 42
3 561 221 40 42
3 567 136 40 42
3 488 404 40 42
3 433 29 40 42
3 582 245 40 42
3 351 289 40 42
3 217 316 40 42
3 42 315 40 42
3 53 437 40 42
3 96 387 40 42
3 122 391 40 42
3 524 229 40 42
3 116 270 40 42
3 146 266 40 42
7 288 231 40 42
3 476 350 40 42
3 262 145 40 42
3 226 144 40 42
3 218 58 40 42
3 44 73 40 42
3 70 96 40 42
3 331 129 40 42
3 300 114 40 42
3 329 72 40 42
3 489 65 40 42
3 497 43 40 42
3 605 22 40 42
3 631 440 40 42
3 625 275 40 42
3 165 126 40 42
3 482 14 40 42
3 454 22 40 42
3 528 22 40 42
3 372 457 40 42
9 374 220 40 42
9 322 176 40 42
6 112 192 40 42
0 349 25 40 42
2 389 47 40 42
0 223 102 40 42
0 268 97 40 42
2 260 40 40 42
3 366 100 40 42
2 443 187 40 42
0 610 108 40 42
0 494 146 40 42
2 518 182 40 42
0 556 172 40 42
2 276 300 40 42
0 255 201 40 42
0 562 86 40 42
0 528 108 40 42
0 564 32 40 42
3 289 199 40 42
0 435 87 40 42
0 387 167 40 42
2 355 184 40 42
0 412 199 40 42
3 413 128 40 42
3 627 55 40 42
0 557 300 40 42
0 511 320 40 42
0 616 357 40 42
3 596 300 40 42
3 437 296 40 42
0 422 425 40 42
0 507 441 40 42
3 539 355 40 42
0 177 224 40 42
0 131 227 40 42
2 221 182 40 42
0 317 458 40 42
0 114 352 40 42
2 205 380 40 42
0 222 448 40 42
3 267 435 40 42
3 281 394 40 42
3 272 465 40 42
0 275 350 40 42
0 176 346 40 42
0 34 175 40 42
2 90 150 40 42
0 16 275 40 42
0 16 213 40 42
3 130 95 40 42
0 141 172 40 42
3 122 136 40 42
3 56 129 40 42
3 186 51 40 42
3 185 15 40 42
