3 75 134 40 42
3 75 194 40 42
3 109 201 40 42
3 257 49 40 42
3 472 55 40 42
3 430 60 40 42
3 553 25 40 42
3 583 30 40 42
3 537 228 40 42
3 328 128 40 42
3 329 100 40 42
3 229 225 40 42
3 278 351 40 42
3 320 415 40 42
3 286 430 40 42
3 70 445 40 42
3 66 420 40 42
3 96 427 40 42
3 106 408 40 42
3 27 298 40 42
3 132 314 40 42
3 51 213 40 42
3 23 190 40 42
3 485 357 40 42
3 570 340 40 42
3 543 312 40 42
3 497 130 40 42
3 434 143 40 42
3 460 138 40 42
3 243 371 40 42
9 101 151 40 42
3 28 36 40 42
3 43 158 40 42
3 351 316 40 42
3 320 341 40 42
3 488 300 40 42
3 465 280 40 42
3 139 65 40 42
3 236 130 40 42
3 242 106 40 42
3 420 93 40 42
3 448 95 40 42
3 130 203 40 42
3 302 95 40 42
2 266 403 40 42
3 189 341 40 42
3 437 307 40 42
3 499 192 40 42
3 445 174 40 42
3 618 42 40 42
2 518 36 40 42
9 550 100 40 42
9 499 108 40 42
9 185 139 40 42
8 510 380 40 42
0 353 36 40 42
0 458 20 40 42
2 392 22 40 42
2 382 79 40 42
2 373 114 40 42
3 360 185 40 42
3 410 244 40 42
0 460 220 40 42
2 432 265 40 42
0 585 189 40 42
0 543 150 40 42
0 580 152 40 42
0 630 203 40 42
0 630 274 40 42
0 608 317 40 42
0 577 278 40 42
3 570 397 40 42
3 559 369 40 42
2 536 431 40 42
2 536 464 40 42
0 335 389 40 42
2 370 396 40 42
0 357 218 40 42
0 289 205 40 42
0 618 118 40 42
3 600 85 40 42
3 632 80 40 42
6 615 382 40 42
2 112 280 40 42
2 27 350 40 42
0 55 318 40 42
0 91 316 40 42
0 96 359 40 42
0 57 378 40 42
0 35 413 40 42
0 39 467 40 42
0 195 414 40 42
2 244 446 40 42
3 161 375 40 42
0 223 349 40 42
0 189 312 40 42
2 215 289 40 42
2 204 251 40 42
0 396 365 40 42
0 263 168 40 42
0 302 162 40 42
0 224 162 40 42
2 142 235 40 42
0 107 241 40 42
0 173 225 40 42
0 152 282 40 42
3 260 303 40 42
3 349 274 40 42
3 446 433 40 42
3 169 183 40 42
3 241 12 40 42
3 273 71 40 42
2 283 130 40 42
3 295 312 40 42
0 383 215 40 42
0 39 77 40 42
2 88 84 40 42
0 92 52 40 42
9 120 106 40 42
0 160 37 40 42
0 116 21 40 42
3 191 33 40 42
3 210 15 40 42
