3 278 354 40 42
3 248 375 40 42
3 484 352 40 42
3 531 230 40 42
3 362 175 40 42
3 434 138 40 42
3 499 131 40 42
3 462 132 40 42
3 475 54 40 42
3 442 50 40 42
3 425 85 40 42
3 447 97 40 42
3 250 45 40 42
3 281 80 40 42
3 337 88 40 42
3 325 128 40 42
3 124 309 40 42
3 158 273 40 42
3 43 162 40 42
3 70 127 40 42
3 80 194 40 42
3 52 199 40 42
3 23 195 40 42
3 23 292 40 42
3 116 197 40 42
3 135 197 40 42
3 143 70 40 42
3 210 13 40 42
3 225 221 40 42
3 316 425 40 42
3 290 432 40 42
3 107 402 40 42
3 67 443 40 42
3 66 411 40 42
3 546 307 40 42
3 550 21 40 42
3 588 27 40 42
3 262 400 40 42
3 570 336 40 42
3 560 375 40 42
3 569 393 40 42
3 438 307 40 42
3 355 312 40 42
3 329 332 40 42
2 213 292 40 42
0 210 247 40 42
2 140 233 40 42
2 118 276 40 42
2 432 266 40 42
9 187 138 40 42
9 115 150 40 42
3 237 135 40 42
3 246 110 40 42
3 181 341 40 42
3 24 44 40 42
0 45 74 40 42
0 126 101 40 42
2 84 87 40 42
3 91 54 40 42
0 152 39 40 42
3 174 189 40 42
0 220 167 40 42
2 261 163 40 42
2 306 159 40 42
0 285 127 40 42
0 300 197 40 42
0 353 218 40 42
2 417 238 40 42
3 445 175 40 42
3 493 186 40 42
0 351 39 40 42
2 386 72 40 42
2 385 25 40 42
2 523 35 40 42
0 452 24 40 42
2 186 310 40 42
2 29 343 40 42
0 103 245 40 42
0 171 219 40 42
2 240 448 40 42
0 196 412 40 42
3 98 430 40 42
0 37 417 40 42
3 50 375 40 42
3 92 313 40 42
0 223 347 40 42
3 256 306 40 42
2 369 397 40 42
0 392 360 40 42
0 327 387 40 42
0 343 275 40 42
0 291 322 40 42
0 532 433 40 42
0 534 461 40 42
3 170 375 40 42
8 94 362 40 42
8 52 315 40 42
0 120 459 40 42
0 194 459 40 42
0 615 37 40 42
0 607 82 40 42
0 580 150 40 42
0 541 148 40 42
0 576 189 40 42
0 628 199 40 42
0 582 277 40 42
0 605 316 40 42
0 617 275 40 42
3 454 432 40 42
8 511 382 40 42
3 615 382 40 42
0 470 224 40 42
