9 427 425 40 42
9 286 27 40 42
7 35 199 40 42
9 589 37 40 42
3 264 440 40 42
6 461 415 40 42
6 409 333 40 42
6 532 342 40 42
6 544 377 40 42
6 601 221 40 42
6 482 161 40 42
6 452 125 40 42
6 507 110 40 42
6 406 177 40 42
6 407 133 40 42
6 595 164 40 42
6 575 75 40 42
6 550 25 40 42
6 485 30 40 42
6 391 37 40 42
6 375 90 40 42
6 320 85 40 42
6 348 180 40 42
6 325 130 40 42
6 292 272 40 42
6 574 376 40 42
6 314 434 40 42
6 362 397 40 42
6 327 374 40 42
6 210 335 40 42
6 144 313 40 42
6 140 276 40 42
6 84 306 40 42
7 37 323 40 42
9 71 422 40 42
0 227 430 40 42
0 243 366 40 42
0 513 412 40 42
0 98 267 40 42
3 139 204 40 42
6 28 154 40 42
6 66 104 40 42
6 88 68 40 42
6 20 58 40 42
6 216 106 40 42
6 213 139 40 42
6 35 366 40 42
6 283 407 40 42
3 590 444 40 42
3 257 243 40 42
0 205 184 40 42
0 219 235 40 42
0 261 101 40 42
9 280 192 40 42
6 38 264 40 42
6 38 233 40 42
6 72 199 40 42
6 120 160 40 42
6 507 188 40 42
6 547 215 40 42
6 407 212 40 42
6 500 374 40 42
6 541 434 40 42
6 172 77 40 42
6 439 67 40 42
6 119 128 40 42
6 134 247 40 42
6 181 300 40 42
6 223 31 40 42
6 263 151 40 42
6 537 266 40 42
6 581 292 40 42
6 606 345 40 42
6 543 470 40 42
6 222 277 40 42
0 177 225 40 42
0 173 114 40 42
0 128 56 40 42
6 162 46 40 42
6 42 28 40 42
6 127 11 40 42
6 231 315 40 42
6 278 300 40 42
6 172 391 40 42
6 140 461 40 42
6 177 465 40 42
6 47 443 40 42
6 55 384 40 42
6 549 154 40 42
6 631 70 40 42
0 65 160 40 42
0 375 347 40 42
0 409 379 40 42
0 338 265 40 42
0 455 248 40 42
0 377 237 40 42
0 621 397 40 42
0 575 122 40 42
6 532 72 40 42
6 488 67 40 42
0 213 396 40 42
