9 159 147 40 42
6 357 410 40 42
6 388 250 40 42
6 260 399 40 42
6 242 379 40 42
6 272 348 40 42
6 241 312 40 42
6 226 274 40 42
6 293 280 40 42
6 275 203 40 42
6 572 88 40 42
6 536 93 40 42
6 507 123 40 42
6 480 158 40 42
6 445 134 40 42
6 518 196 40 42
6 616 198 40 42
6 525 232 40 42
6 451 227 40 42
6 454 192 40 42
6 450 344 40 42
6 429 369 40 42
6 383 333 40 42
6 430 407 40 42
6 482 390 40 42
6 501 365 40 42
6 609 349 40 42
6 551 362 40 42
6 609 394 40 42
6 173 16 40 42
6 171 52 40 42
6 187 87 40 42
6 157 106 40 42
6 125 89 40 42
6 217 75 40 42
6 250 48 40 42
6 214 18 40 42
6 333 27 40 42
6 288 12 40 42
6 217 117 40 42
6 229 165 40 42
6 198 187 40 42
6 70 162 40 42
6 8 101 40 42
6 39 185 40 42
6 30 412 40 42
6 30 375 40 42
6 339 317 40 42
6 353 272 40 42
6 343 158 40 42
6 297 164 40 42
9 393 64 40 42
6 324 454 40 42
6 298 417 40 42
6 361 466 40 42
6 274 308 40 42
6 189 374 40 42
6 158 332 40 42
6 220 428 40 42
0 532 40 40 42
0 475 20 40 42
0 384 24 40 42
0 468 68 40 42
3 420 95 40 42
3 617 82 40 42
0 548 172 40 42
0 586 290 40 42
6 130 28 40 42
9 73 21 40 42
3 48 51 40 42
6 37 127 40 42
0 142 427 40 42
0 183 402 40 42
6 77 452 40 42
6 124 460 40 42
6 152 383 40 42
6 413 454 40 42
9 493 334 40 42
9 605 316 40 42
9 150 190 40 42
0 24 320 40 42
0 77 338 40 42
0 113 158 40 42
0 97 213 40 42
6 150 235 40 42
6 152 269 40 42
3 237 215 40 42
0 81 74 40 42
0 90 99 40 42
0 15 66 40 42
6 27 239 40 42
6 9 208 40 42
6 84 257 40 42
6 89 302 40 42
3 70 408 40 42
0 28 284 40 42
6 550 447 40 42
6 625 439 40 42
6 588 136 40 42
6 292 65 40 42
6 312 120 40 42
6 350 70 40 42
0 124 300 40 42
6 197 252 40 42
6 352 107 40 42
6 392 143 40 42
6 414 201 40 42
6 362 199 40 42
0 437 263 40 42
0 598 232 40 42
3 476 110 40 42
6 262 93 40 42
0 273 128 40 42
0 219 331 40 42
3 336 237 40 42
3 298 335 40 42
6 422 307 40 42
6 570 243 40 42
6 542 270 40 42
6 626 157 40 42
6 505 292 40 42
6 296 239 40 42
