6 242 437 40 42
6 280 411 40 42
6 313 429 40 42
6 272 454 40 42
6 349 424 40 42
6 375 392 40 42
6 354 355 40 42
6 310 360 40 42
6 315 388 40 42
6 246 382 40 42
6 252 341 40 42
6 204 374 40 42
6 206 412 40 42
6 463 440 40 42
6 415 448 40 42
6 469 387 40 42
6 520 381 40 42
6 560 403 40 42
6 573 344 40 42
6 530 329 40 42
6 400 350 40 42
4 455 350 40 42
6 149 393 40 42
6 124 359 40 42
6 96 390 40 42
6 44 400 40 42
6 95 440 40 42
6 165 458 40 42
6 209 338 40 42
6 232 306 40 42
6 285 320 40 42
6 301 282 40 42
6 350 269 40 42
6 382 308 40 42
6 420 293 40 42
6 430 257 40 42
6 460 296 40 42
6 516 281 40 42
6 552 260 40 42
6 614 285 40 42
6 627 322 40 42
6 609 409 40 42
9 361 202 40 42
9 462 160 40 42
9 200 280 40 42
9 581 260 40 42
6 79 341 40 42
6 103 317 40 42
6 142 324 40 42
6 127 291 40 42
6 160 288 40 42
6 175 252 40 42
6 142 232 40 42
6 98 253 40 42
6 63 270 40 42
6 10 335 40 42
6 35 239 40 42
6 24 174 40 42
6 52 136 40 42
6 82 188 40 42
6 107 158 40 42
6 106 219 40 42
6 136 192 40 42
6 148 165 40 42
6 239 256 40 42
6 268 232 40 42
6 250 191 40 42
6 214 207 40 42
6 298 245 40 42
6 242 161 40 42
6 299 185 40 42
6 350 229 40 42
6 417 192 40 42
6 486 240 40 42
6 504 206 40 42
6 469 186 40 42
6 524 146 40 42
6 545 199 40 42
6 575 213 40 42
6 578 186 40 42
6 597 110 40 42
6 604 151 40 42
6 459 112 40 42
6 416 98 40 42
6 391 79 40 42
6 384 130 40 42
6 329 107 40 42
6 268 127 40 42
6 270 97 40 42
6 289 59 40 42
6 351 67 40 42
6 196 120 40 42
6 157 107 40 42
6 134 74 40 42
6 182 69 40 42
6 173 26 40 42
6 123 20 40 42
6 51 23 40 42
6 10 47 40 42
6 80 87 40 42
6 17 81 40 42
6 31 105 40 42
6 395 41 40 42
6 460 47 40 42
6 37 207 40 42
6 442 216 40 42
0 595 73 40 42
0 211 162 40 42
0 249 69 40 42
6 305 148 40 42
6 350 166 40 42
6 421 154 40 42
6 574 22 40 42
6 557 53 40 42
0 539 105 40 42
6 128 132 40 42
6 82 15 40 42
6 232 112 40 42
3 426 65 40 42
6 429 15 40 42
6 361 14 40 42
6 266 27 40 42
6 23 434 40 42
6 31 468 40 42
6 132 432 40 42
