6 78 89 40 42
6 86 28 40 42
6 131 41 40 42
6 160 75 40 42
6 160 115 40 42
6 129 132 40 42
6 81 142 40 42
6 84 186 40 42
6 41 211 40 42
6 121 191 40 42
6 351 44 40 42
6 393 48 40 42
6 430 29 40 42
6 522 117 40 42
8 481 88 40 42
0 125 237 40 42
6 35 261 40 42
6 65 255 40 42
6 107 263 40 42
6 261 274 40 42
6 219 263 40 42
6 186 199 40 42
0 191 91 40 42
6 55 355 40 42
6 89 370 40 42
6 85 422 40 42
6 127 417 40 42
6 155 360 40 42
6 130 330 40 42
6 160 303 40 42
6 238 344 40 42
6 247 316 40 42
6 282 345 40 42
6 210 409 40 42
6 240 436 40 42
6 211 452 40 42
6 399 427 40 42
6 437 418 40 42
6 436 379 40 42
6 481 421 40 42
6 469 355 40 42
6 531 343 40 42
6 517 365 40 42
6 561 399 40 42
6 623 401 40 42
6 458 452 40 42
9 283 425 40 42
0 323 302 40 42
0 453 310 40 42
6 294 391 40 42
6 325 391 40 42
6 125 458 40 42
6 52 411 40 42
6 623 363 40 42
6 590 310 40 42
6 618 296 40 42
6 352 271 40 42
6 390 275 40 42
6 430 286 40 42
6 475 275 40 42
6 475 235 40 42
6 518 264 40 42
6 541 195 40 42
6 577 215 40 42
6 468 196 40 42
6 447 148 40 42
9 252 52 40 42
6 318 112 40 42
6 360 86 40 42
6 306 162 40 42
6 587 20 40 42
6 582 147 40 42
6 628 167 40 42
6 272 132 40 42
9 399 365 40 42
9 420 68 40 42
6 415 168 40 42
6 434 109 40 42
6 170 236 40 42
6 205 25 40 42
6 322 354 40 42
6 359 355 40 42
6 182 337 40 42
9 31 306 40 42
6 506 207 40 42
6 501 311 40 42
0 574 261 40 42
0 386 319 40 42
0 35 84 40 42
6 19 172 40 42
6 25 40 40 42
0 261 91 40 42
6 248 239 40 42
6 560 31 40 42
6 583 68 40 42
6 631 71 40 42
6 620 242 40 42
6 587 365 40 42
6 504 408 40 42
6 358 395 40 42
6 167 402 40 42
6 198 381 40 42
6 76 334 40 42
0 148 266 40 42
6 382 235 40 42
6 322 231 40 42
0 346 192 40 42
0 367 150 40 42
6 388 117 40 42
0 285 215 40 42
0 267 175 40 42
0 233 162 40 42
6 213 122 40 42
6 233 199 40 42
6 17 129 40 42
6 563 127 40 42
0 552 89 40 42
0 513 157 40 42
6 406 212 40 42
6 310 15 40 42
6 272 17 40 42
9 207 59 40 42
0 329 433 40 42
0 502 55 40 42
6 150 175 40 42
