9 521 216 40 42
9 49 152 40 42
6 310 183 40 42
6 268 165 40 42
6 203 152 40 42
6 218 126 40 42
6 234 93 40 42
6 182 82 40 42
6 156 49 40 42
6 123 164 40 42
6 87 187 40 42
6 116 220 40 42
6 51 207 40 42
6 76 248 40 42
6 150 272 40 42
6 112 283 40 42
6 389 41 40 42
6 362 20 40 42
6 323 32 40 42
6 354 59 40 42
6 416 60 40 42
6 395 96 40 42
6 370 115 40 42
6 320 126 40 42
6 379 157 40 42
6 460 118 40 42
6 552 45 40 42
6 485 42 40 42
6 579 103 40 42
6 597 66 40 42
6 608 151 40 42
6 571 144 40 42
6 595 199 40 42
6 564 230 40 42
6 518 269 40 42
6 468 258 40 42
6 430 232 40 42
6 485 315 40 42
6 496 350 40 42
6 459 349 40 42
6 538 290 40 42
6 614 362 40 42
6 501 419 40 42
6 464 419 40 42
6 435 409 40 42
6 429 447 40 42
6 367 244 40 42
6 331 236 40 42
6 220 302 40 42
6 263 242 40 42
6 286 267 40 42
6 256 304 40 42
6 287 213 40 42
6 124 28 40 42
6 27 53 40 42
6 23 119 40 42
6 49 95 40 42
6 57 281 40 42
6 155 308 40 42
6 130 338 40 42
6 155 386 40 42
6 264 405 40 42
6 255 437 40 42
6 290 389 40 42
6 218 462 40 42
6 187 452 40 42
6 142 427 40 42
6 188 417 40 42
6 150 455 40 42
6 102 422 40 42
6 535 365 40 42
6 426 326 40 42
6 410 377 40 42
6 373 318 40 42
6 371 277 40 42
6 317 262 40 42
6 318 302 40 42
6 161 155 40 42
6 209 217 40 42
6 132 124 40 42
6 259 13 40 42
6 250 51 40 42
6 267 65 40 42
6 220 335 40 42
6 178 335 40 42
6 546 454 40 42
6 620 233 40 42
0 580 399 40 42
0 373 367 40 42
0 346 407 40 42
0 387 415 40 42
0 397 449 40 42
0 614 295 40 42
0 588 260 40 42
0 487 12 40 42
0 200 24 40 42
0 207 260 40 42
0 249 200 40 42
0 165 237 40 42
6 282 103 40 42
6 270 130 40 42
0 421 177 40 42
6 480 172 40 42
6 465 206 40 42
6 118 373 40 42
10 99 88 40 42
10 84 50 40 42
0 535 75 40 42
0 502 90 40 42
0 453 84 40 42
0 515 164 40 42
0 415 283 40 42
6 92 312 40 42
6 47 340 40 42
0 90 359 40 42
0 77 392 40 42
0 53 421 40 42
0 18 441 40 42
0 15 276 40 42
6 317 444 40 42
6 491 455 40 42
0 531 322 40 42
0 624 125 40 42
3 622 433 40 42
6 345 471 40 42
