0 164 90 40 42
0 258 77 40 42
6 67 40 40 42
6 25 63 40 42
6 38 103 40 42
6 11 137 40 42
6 105 55 40 42
6 142 27 40 42
6 94 12 40 42
6 249 26 40 42
6 336 18 40 42
6 380 16 40 42
6 404 45 40 42
6 441 104 40 42
6 325 69 40 42
6 350 112 40 42
6 374 130 40 42
6 351 170 40 42
6 315 155 40 42
6 280 142 40 42
6 240 122 40 42
6 197 125 40 42
6 184 165 40 42
6 142 146 40 42
6 142 185 40 42
6 97 140 40 42
6 44 166 40 42
6 53 205 40 42
6 16 197 40 42
6 119 220 40 42
6 65 250 40 42
6 35 277 40 42
6 132 263 40 42
6 167 258 40 42
6 205 213 40 42
6 235 241 40 42
6 255 277 40 42
6 256 330 40 42
6 408 167 40 42
6 435 185 40 42
6 429 241 40 42
6 380 258 40 42
6 377 214 40 42
6 334 211 40 42
6 326 253 40 42
6 388 290 40 42
6 389 326 40 42
6 406 354 40 42
6 427 376 40 42
6 468 393 40 42
6 487 322 40 42
6 448 337 40 42
6 525 300 40 42
6 522 232 40 42
6 556 18 40 42
6 601 19 40 42
6 531 42 40 42
6 502 115 40 42
6 584 100 40 42
6 611 173 40 42
6 561 261 40 42
6 598 386 40 42
6 628 377 40 42
6 637 349 40 42
6 427 461 40 42
6 462 439 40 42
6 416 423 40 42
6 191 406 40 42
6 345 420 40 42
6 84 451 40 42
6 107 430 40 42
6 103 402 40 42
6 45 430 40 42
6 29 382 40 42
6 38 316 40 42
0 187 46 40 42
0 294 16 40 42
10 451 7 40 42
10 451 36 40 42
0 496 57 40 42
0 483 85 40 42
0 405 89 40 42
6 619 432 40 42
6 252 423 40 42
6 524 367 40 42
6 541 440 40 42
6 503 454 40 42
0 626 87 40 42
0 145 457 40 42
6 221 446 40 42
10 119 105 40 42
6 120 315 40 42
0 384 406 40 42
0 495 419 40 42
10 492 15 40 42
6 557 86 40 42
6 557 132 40 42
6 572 168 40 42
6 525 156 40 42
6 555 207 40 42
6 584 238 40 42
6 497 211 40 42
6 478 268 40 42
6 482 153 40 42
6 452 293 40 42
6 562 300 40 42
6 605 308 40 42
6 586 346 40 42
6 585 465 40 42
6 237 197 40 42
6 191 279 40 42
6 215 314 40 42
6 226 397 40 42
6 295 445 40 42
6 330 294 40 42
6 127 384 40 42
0 76 309 40 42
0 158 345 40 42
0 94 353 40 42
0 294 394 40 42
0 339 360 40 42
6 313 322 40 42
6 285 235 40 42
2 252 468 40 42
