8 242 434 40 42
0 10 87 40 42
0 78 98 40 42
0 77 155 40 42
0 15 159 40 42
0 37 191 40 42
0 124 108 40 42
0 131 64 40 42
0 167 52 40 42
0 193 22 40 42
0 199 72 40 42
0 207 112 40 42
0 220 151 40 42
0 245 55 40 42
0 277 41 40 42
0 294 94 40 42
0 322 45 40 42
0 350 51 40 42
0 331 98 40 42
0 357 17 40 42
0 412 16 40 42
0 432 60 40 42
0 391 91 40 42
0 423 108 40 42
0 468 65 40 42
0 454 122 40 42
0 496 66 40 42
0 491 30 40 42
0 555 10 40 42
0 580 53 40 42
0 598 69 40 42
0 629 32 40 42
0 602 111 40 42
0 589 151 40 42
0 510 126 40 42
0 473 158 40 42
0 469 199 40 42
0 431 162 40 42
0 424 206 40 42
0 578 294 40 42
0 493 250 40 42
0 443 246 40 42
0 455 288 40 42
0 409 264 40 42
0 378 229 40 42
0 381 181 40 42
0 341 212 40 42
0 257 192 40 42
0 206 204 40 42
0 181 181 40 42
0 132 202 40 42
0 154 233 40 42
0 197 267 40 42
0 260 237 40 42
0 236 277 40 42
0 310 245 40 42
0 352 270 40 42
0 43 225 40 42
0 37 310 40 42
0 121 280 40 42
0 124 326 40 42
0 31 347 40 42
0 40 392 40 42
0 343 320 40 42
0 410 367 40 42
0 498 379 40 42
0 545 422 40 42
0 589 427 40 42
0 611 456 40 42
0 467 417 40 42
0 352 387 40 42
0 372 425 40 42
0 325 352 40 42
0 276 357 40 42
0 306 390 40 42
0 266 326 40 42
0 217 312 40 42
0 189 340 40 42
0 174 304 40 42
0 160 351 40 42
0 136 387 40 42
0 133 425 40 42
0 175 404 40 42
0 207 377 40 42
0 256 385 40 42
0 282 419 40 42
0 197 442 40 42
0 24 426 40 42
0 93 457 40 42
0 317 433 40 42
0 282 459 40 42
0 351 460 40 42
0 46 59 40 42
0 22 32 40 42
0 89 47 40 42
0 166 120 40 42
0 301 279 40 42
0 552 335 40 42
0 529 281 40 42
0 587 249 40 42
0 555 177 40 42
0 549 99 40 42
0 490 345 40 42
0 440 337 40 42
0 507 225 40 42
0 315 151 40 42
0 355 134 40 42
0 541 381 40 42
0 582 375 40 42
0 440 385 40 42
0 257 134 40 42
0 285 170 40 42
0 302 204 40 42
0 412 316 40 42
11 240 99 40 42
0 373 309 40 42
0 107 153 40 42
0 147 155 40 42
