4 170 409 40 42
4 85 391 40 42
4 214 376 40 42
4 213 345 40 42
4 252 393 40 42
4 325 406 40 42
4 299 444 40 42
4 392 411 40 42
4 424 363 40 42
4 454 331 40 42
4 462 373 40 42
4 382 367 40 42
4 217 234 40 42
4 20 207 40 42
4 14 431 40 42
4 98 431 40 42
4 80 337 40 42
4 280 170 40 42
4 237 182 40 42
4 154 195 40 42
4 122 214 40 42
4 90 133 40 42
4 203 105 40 42
4 175 69 40 42
4 334 117 40 42
4 367 89 40 42
4 324 58 40 42
4 367 29 40 42
4 248 87 40 42
4 261 53 40 42
4 413 111 40 42
4 405 72 40 42
4 416 38 40 42
4 500 79 40 42
4 461 107 40 42
4 503 120 40 42
4 549 112 40 42
4 602 111 40 42
4 593 138 40 42
4 338 207 40 42
4 458 287 40 42
4 338 263 40 42
4 623 189 40 42
4 610 161 40 42
4 342 385 40 42
9 233 136 40 42
3 503 35 40 42
9 166 352 40 42
4 433 232 40 42
4 415 194 40 42
4 458 139 40 42
4 567 64 40 42
9 507 286 40 42
4 429 254 40 42
4 428 289 40 42
4 395 289 40 42
4 260 310 40 42
4 266 360 40 42
11 62 95 40 42
9 132 57 40 42
9 290 104 40 42
9 438 78 40 42
9 532 55 40 42
4 32 265 40 42
11 167 249 40 42
11 112 163 40 42
9 203 177 40 42
11 77 302 40 42
11 133 378 40 42
9 162 381 40 42
11 454 194 40 42
4 178 139 40 42
4 175 165 40 42
4 188 25 40 42
4 235 2 40 42
4 145 28 40 42
4 150 3 40 42
4 467 16 40 42
6 556 15 40 42
4 438 435 40 42
11 296 15 40 42
2 343 170 40 42
11 375 172 40 42
4 268 239 40 42
9 260 274 40 42
11 484 168 40 42
9 264 426 40 42
9 215 435 40 42
9 242 464 40 42
9 301 293 40 42
2 354 299 40 42
9 580 192 40 42
4 537 167 40 42
4 517 241 40 42
4 612 274 40 42
4 589 379 40 42
4 87 10 40 42
4 500 408 40 42
9 523 335 40 42
4 477 447 40 42
4 550 383 40 42
3 566 277 40 42
4 556 223 40 42
11 548 195 40 42
2 569 245 40 42
4 592 10 40 42
4 336 9 40 42
4 89 64 40 42
2 298 368 40 42
