4 569 188 40 42
4 211 338 40 42
8 75 371 40 42
8 44 432 40 42
8 166 95 40 42
3 195 411 40 42
0 20 25 40 42
0 28 58 40 42
0 63 16 40 42
0 94 33 40 42
0 160 36 40 42
0 132 75 40 42
0 96 113 40 42
0 62 117 40 42
0 42 93 40 42
0 42 152 40 42
0 45 182 40 42
0 113 167 40 42
0 84 190 40 42
0 32 211 40 42
3 137 131 40 42
0 165 184 40 42
0 230 151 40 42
0 249 106 40 42
0 222 75 40 42
0 262 45 40 42
0 290 97 40 42
0 312 65 40 42
0 315 34 40 42
0 370 37 40 42
0 411 27 40 42
0 418 71 40 42
0 450 24 40 42
0 450 79 40 42
0 505 37 40 42
0 490 97 40 42
0 513 10 40 42
0 591 21 40 42
0 573 101 40 42
0 614 110 40 42
0 572 143 40 42
0 510 150 40 42
0 491 122 40 42
0 462 164 40 42
0 440 113 40 42
0 395 215 40 42
0 474 205 40 42
0 543 233 40 42
0 517 265 40 42
0 345 249 40 42
0 345 294 40 42
0 303 260 40 42
0 305 310 40 42
0 266 290 40 42
0 237 306 40 42
0 215 270 40 42
0 269 232 40 42
0 201 235 40 42
0 132 223 40 42
0 94 265 40 42
0 60 272 40 42
0 37 312 40 42
0 67 337 40 42
0 102 308 40 42
0 112 356 40 42
0 148 287 40 42
0 172 326 40 42
0 227 359 40 42
0 230 413 40 42
0 272 404 40 42
0 307 392 40 42
0 307 348 40 42
0 395 364 40 42
0 402 316 40 42
0 467 303 40 42
0 472 352 40 42
0 489 317 40 42
0 537 299 40 42
0 533 360 40 42
0 576 369 40 42
0 620 381 40 42
0 600 342 40 42
0 627 312 40 42
0 626 270 40 42
0 621 232 40 42
0 553 417 40 42
0 504 421 40 42
0 479 382 40 42
0 424 386 40 42
0 447 416 40 42
0 462 455 40 42
0 406 437 40 42
0 381 415 40 42
0 572 446 40 42
0 320 446 40 42
0 271 441 40 42
11 162 420 40 42
0 150 381 40 42
0 121 434 40 42
0 105 458 40 42
0 82 409 40 42
0 176 460 40 42
0 270 179 40 42
0 343 197 40 42
0 331 160 40 42
0 345 125 40 42
11 545 55 40 42
0 237 208 40 42
0 196 200 40 42
0 403 181 40 42
0 534 199 40 42
0 396 261 40 42
