0 128 128 40 42
6 370 310 40 42
8 50 287 40 42
8 70 225 40 42
9 14 272 40 42
4 573 39 40 42
4 209 184 40 42
0 46 454 40 42
0 42 367 40 42
0 16 330 40 42
0 50 331 40 42
0 91 328 40 42
0 80 375 40 42
0 122 362 40 42
11 145 330 40 42
0 173 309 40 42
0 207 337 40 42
0 240 335 40 42
0 182 374 40 42
0 224 377 40 42
0 267 362 40 42
0 273 402 40 42
0 312 386 40 42
0 347 380 40 42
0 386 399 40 42
0 385 354 40 42
0 410 330 40 42
0 443 335 40 42
0 417 290 40 42
0 472 305 40 42
0 450 370 40 42
0 495 382 40 42
0 505 325 40 42
0 477 413 40 42
0 552 387 40 42
0 548 338 40 42
0 590 360 40 42
0 575 405 40 42
0 617 402 40 42
0 606 328 40 42
0 570 303 40 42
0 297 335 40 42
0 320 300 40 42
0 268 286 40 42
0 105 295 40 42
0 126 272 40 42
0 173 260 40 42
0 152 221 40 42
0 206 257 40 42
0 232 255 40 42
0 227 216 40 42
0 272 242 40 42
0 312 237 40 42
0 317 195 40 42
0 357 200 40 42
0 395 214 40 42
0 439 232 40 42
0 386 268 40 42
0 487 233 40 42
0 457 266 40 42
0 512 263 40 42
0 553 268 40 42
0 17 198 40 42
0 37 162 40 42
0 75 183 40 42
0 114 197 40 42
0 100 155 40 42
0 67 122 40 42
0 94 113 40 42
0 121 73 40 42
0 35 79 40 42
0 44 31 40 42
0 94 40 40 42
0 120 15 40 42
0 160 26 40 42
0 200 42 40 42
0 205 84 40 42
0 176 104 40 42
0 224 116 40 42
0 263 86 40 42
0 231 48 40 42
0 272 32 40 42
0 270 143 40 42
0 239 158 40 42
0 171 169 40 42
0 316 152 40 42
0 362 138 40 42
0 351 93 40 42
0 286 117 40 42
0 330 54 40 42
0 412 170 40 42
0 462 152 40 42
0 511 173 40 42
0 549 148 40 42
0 518 108 40 42
0 558 80 40 42
0 481 100 40 42
0 444 109 40 42
0 477 57 40 42
0 400 65 40 42
0 400 108 40 42
0 413 20 40 42
0 367 13 40 42
0 325 15 40 42
0 472 15 40 42
0 527 16 40 42
0 540 53 40 42
0 631 70 40 42
0 622 131 40 42
0 631 169 40 42
0 602 188 40 42
0 614 231 40 42
0 573 224 40 42
0 526 204 40 42
0 482 200 40 42
