6 338 159 40 42
6 587 118 40 42
4 33 286 40 42
4 82 310 40 42
4 252 366 40 42
4 281 274 40 42
4 557 377 40 42
9 550 267 40 42
0 31 49 40 42
0 70 53 40 42
0 138 44 40 42
0 92 89 40 42
0 53 105 40 42
0 50 145 40 42
0 97 164 40 42
0 157 165 40 42
0 196 138 40 42
0 165 65 40 42
0 170 17 40 42
0 210 47 40 42
0 245 25 40 42
0 275 112 40 42
11 240 104 40 42
0 236 151 40 42
0 256 61 40 42
0 302 74 40 42
0 285 25 40 42
0 341 92 40 42
0 306 136 40 42
0 365 112 40 42
0 377 74 40 42
0 392 29 40 42
0 352 12 40 42
0 452 42 40 42
0 455 12 40 42
0 465 77 40 42
0 394 144 40 42
0 445 163 40 42
0 467 126 40 42
0 501 162 40 42
0 502 200 40 42
0 555 182 40 42
0 596 160 40 42
0 556 125 40 42
0 514 109 40 42
0 530 71 40 42
0 504 50 40 42
0 536 27 40 42
0 583 32 40 42
0 601 60 40 42
0 574 89 40 42
0 636 116 40 42
0 600 200 40 42
0 626 217 40 42
0 569 240 40 42
0 487 231 40 42
0 413 216 40 42
0 359 185 40 42
0 314 203 40 42
0 317 238 40 42
0 366 227 40 42
0 375 262 40 42
0 278 161 40 42
0 232 187 40 42
0 276 231 40 42
0 223 217 40 42
0 191 197 40 42
0 158 234 40 42
0 115 216 40 42
0 46 199 40 42
0 31 245 40 42
0 87 265 40 42
0 125 269 40 42
0 150 307 40 42
0 234 303 40 42
0 223 261 40 42
0 282 324 40 42
0 319 304 40 42
0 336 282 40 42
0 333 332 40 42
0 397 313 40 42
0 405 287 40 42
0 452 317 40 42
0 451 275 40 42
0 499 280 40 42
0 494 322 40 42
0 560 318 40 42
0 531 348 40 42
0 594 334 40 42
0 612 371 40 42
0 590 296 40 42
0 621 303 40 42
0 445 357 40 42
0 486 379 40 42
0 495 350 40 42
0 535 413 40 42
0 583 417 40 42
0 618 447 40 42
0 570 453 40 42
0 493 445 40 42
0 447 437 40 42
0 405 450 40 42
0 367 444 40 42
0 364 394 40 42
0 394 360 40 42
0 362 350 40 42
0 322 392 40 42
0 295 363 40 42
0 280 424 40 42
0 273 397 40 42
0 331 444 40 42
0 246 424 40 42
0 226 458 40 42
0 183 423 40 42
0 219 344 40 42
0 147 349 40 42
0 114 345 40 42
0 59 350 40 42
0 40 375 40 42
0 110 380 40 42
0 96 413 40 42
0 18 445 40 42
0 56 457 40 42
0 96 469 40 42
0 106 10 40 42
6 179 112 40 42
11 14 12 40 42
11 327 50 40 42
11 175 387 40 42
0 449 406 40 42
0 402 415 40 42
11 134 115 40 42
