4 31 294 40 42
4 81 311 40 42
4 278 268 40 42
4 252 367 40 42
4 557 371 40 42
6 339 158 40 42
6 590 115 40 42
9 543 265 40 42
0 33 55 40 42
0 52 105 40 42
0 77 48 40 42
0 95 94 40 42
0 41 148 40 42
6 101 159 40 42
11 130 115 40 42
0 164 63 40 42
0 130 42 40 42
0 120 20 40 42
0 167 14 40 42
0 213 37 40 42
11 242 31 40 42
0 262 66 40 42
0 291 27 40 42
0 322 40 40 42
0 297 83 40 42
0 278 119 40 42
0 343 88 40 42
0 383 71 40 42
0 388 29 40 42
0 364 117 40 42
0 392 140 40 42
0 181 112 40 42
0 197 156 40 42
0 152 178 40 42
0 197 201 40 42
0 245 144 40 42
0 243 178 40 42
0 289 164 40 42
0 230 224 40 42
0 152 238 40 42
0 111 222 40 42
0 41 205 40 42
0 26 252 40 42
0 89 264 40 42
0 130 265 40 42
0 230 259 40 42
0 278 221 40 42
0 320 209 40 42
0 321 242 40 42
0 376 192 40 42
0 446 162 40 42
0 468 123 40 42
0 459 72 40 42
0 456 44 40 42
0 514 52 40 42
0 541 30 40 42
0 526 83 40 42
0 580 31 40 42
0 608 75 40 42
0 557 94 40 42
0 551 126 40 42
0 513 116 40 42
0 627 110 40 42
0 583 168 40 42
0 550 192 40 42
0 610 196 40 42
0 634 218 40 42
0 566 237 40 42
0 474 227 40 42
0 492 190 40 42
0 495 160 40 42
0 417 219 40 42
0 371 233 40 42
0 371 265 40 42
0 330 283 40 42
0 314 306 40 42
0 331 322 40 42
0 274 329 40 42
0 232 306 40 42
0 217 346 40 42
0 152 340 40 42
0 149 298 40 42
0 105 339 40 42
0 54 351 40 42
0 41 382 40 42
0 112 385 40 42
0 92 422 40 42
11 170 377 40 42
0 188 410 40 42
0 240 422 40 42
0 283 422 40 42
0 327 390 40 42
0 277 396 40 42
0 293 361 40 42
0 222 456 40 42
0 334 450 40 42
0 370 437 40 42
0 361 390 40 42
0 363 349 40 42
0 395 359 40 42
0 394 318 40 42
0 412 283 40 42
0 454 275 40 42
0 443 328 40 42
0 501 316 40 42
0 499 277 40 42
0 497 350 40 42
0 489 385 40 42
0 400 409 40 42
0 452 397 40 42
0 453 438 40 42
0 411 440 40 42
0 8 440 40 42
0 54 462 40 42
0 500 456 40 42
0 540 418 40 42
0 582 420 40 42
0 577 452 40 42
0 603 360 40 42
0 589 329 40 42
0 554 311 40 42
0 524 346 40 42
0 601 294 40 42
0 623 300 40 42
0 306 138 40 42
11 237 104 40 42
11 442 365 40 42
