4 140 266 40 42
5 471 427 40 42
0 26 100 40 42
0 69 72 40 42
0 41 132 40 42
0 121 93 40 42
0 107 65 40 42
0 162 41 40 42
0 188 65 40 42
0 217 8 40 42
0 240 42 40 42
0 219 100 40 42
0 162 107 40 42
0 144 142 40 42
0 191 145 40 42
0 254 138 40 42
0 195 177 40 42
0 242 172 40 42
0 299 144 40 42
0 292 101 40 42
0 339 117 40 42
0 333 69 40 42
0 372 16 40 42
0 295 15 40 42
0 293 40 40 42
0 411 44 40 42
0 439 14 40 42
0 451 70 40 42
0 458 102 40 42
0 368 101 40 42
0 377 136 40 42
0 420 148 40 42
0 419 170 40 42
0 459 154 40 42
0 489 125 40 42
0 525 93 40 42
0 500 57 40 42
0 550 51 40 42
0 500 21 40 42
0 544 25 40 42
0 579 66 40 42
0 580 100 40 42
0 625 110 40 42
0 554 130 40 42
0 515 147 40 42
0 505 184 40 42
0 549 180 40 42
0 607 167 40 42
0 598 204 40 42
0 633 213 40 42
0 581 251 40 42
0 540 229 40 42
0 458 219 40 42
0 475 260 40 42
0 422 262 40 42
0 401 230 40 42
6 366 261 40 42
0 353 210 40 42
0 331 162 40 42
0 279 206 40 42
0 302 243 40 42
0 252 236 40 42
0 218 211 40 42
0 190 239 40 42
0 165 212 40 42
0 115 220 40 42
0 77 187 40 42
0 35 173 40 42
0 55 233 40 42
11 21 220 40 42
0 47 268 40 42
0 100 267 40 42
0 23 298 40 42
0 65 327 40 42
0 118 311 40 42
0 97 337 40 42
0 160 297 40 42
0 190 289 40 42
0 228 282 40 42
0 197 327 40 42
0 159 348 40 42
0 205 367 40 42
0 247 345 40 42
0 264 302 40 42
0 296 288 40 42
0 342 278 40 42
0 335 318 40 42
0 294 357 40 42
0 385 292 40 42
0 361 343 40 42
0 384 356 40 42
0 435 309 40 42
0 458 340 40 42
0 450 375 40 42
0 489 337 40 42
0 526 280 40 42
0 527 320 40 42
0 590 292 40 42
0 590 319 40 42
0 571 350 40 42
0 546 354 40 42
0 628 298 40 42
0 593 391 40 42
0 540 397 40 42
0 575 442 40 42
0 55 372 40 42
0 7 405 40 42
0 20 445 40 42
0 65 439 40 42
0 82 406 40 42
0 102 372 40 42
0 138 396 40 42
0 146 431 40 42
0 119 464 40 42
0 82 450 40 42
0 215 440 40 42
2 203 409 40 42
0 250 391 40 42
0 248 422 40 42
0 281 383 40 42
0 322 399 40 42
0 283 435 40 42
0 267 460 40 42
0 335 441 40 42
0 360 434 40 42
0 409 444 40 42
0 456 449 40 42
0 406 401 40 42
0 442 418 40 42
0 609 452 40 42
0 620 432 40 42
0 488 307 40 42
0 103 162 40 42
