9 302 238 40 42
4 200 354 40 42
4 541 243 40 42
0 32 35 40 42
0 40 60 40 42
0 4 77 40 42
0 90 33 40 42
0 114 60 40 42
0 155 47 40 42
0 137 91 40 42
0 193 52 40 42
0 197 1 40 42
0 229 24 40 42
0 217 81 40 42
0 266 59 40 42
0 292 15 40 42
0 22 119 40 42
0 46 147 40 42
0 106 148 40 42
0 43 175 40 42
0 47 231 40 42
0 100 198 40 42
0 137 161 40 42
0 144 201 40 42
0 114 244 40 42
0 166 126 40 42
0 192 103 40 42
0 183 172 40 42
0 217 132 40 42
0 243 109 40 42
0 324 132 40 42
0 320 95 40 42
0 368 120 40 42
0 345 68 40 42
0 396 35 40 42
0 376 90 40 42
0 406 105 40 42
0 421 68 40 42
0 448 62 40 42
0 448 27 40 42
0 494 14 40 42
0 529 12 40 42
0 497 66 40 42
0 483 96 40 42
0 530 52 40 42
0 572 60 40 42
0 601 20 40 42
0 626 54 40 42
0 584 92 40 42
0 598 135 40 42
0 519 168 40 42
0 509 120 40 42
0 457 149 40 42
0 394 159 40 42
0 438 212 40 42
0 511 216 40 42
0 554 195 40 42
0 590 178 40 42
0 580 220 40 42
0 624 240 40 42
0 631 270 40 42
0 567 276 40 42
0 545 296 40 42
0 503 285 40 42
0 459 271 40 42
0 449 302 40 42
0 432 244 40 42
0 364 274 40 42
0 367 231 40 42
0 353 195 40 42
0 345 166 40 42
0 302 204 40 42
0 259 213 40 42
0 215 249 40 42
0 268 250 40 42
0 234 287 40 42
0 266 298 40 42
0 320 272 40 42
0 343 299 40 42
0 319 329 40 42
0 280 335 40 42
0 396 322 40 42
0 417 302 40 42
0 406 348 40 42
0 458 341 40 42
0 431 381 40 42
0 475 383 40 42
0 507 359 40 42
0 487 318 40 42
0 538 347 40 42
0 573 326 40 42
0 610 326 40 42
0 600 360 40 42
0 575 397 40 42
0 620 398 40 42
0 526 386 40 42
0 524 430 40 42
0 40 297 40 42
0 75 277 40 42
0 43 337 40 42
0 45 365 40 42
0 120 283 40 42
0 137 330 40 42
0 188 304 40 42
0 162 368 40 42
0 142 403 40 42
0 158 439 40 42
0 119 448 40 42
0 57 430 40 42
0 12 407 40 42
0 204 446 40 42
0 240 422 40 42
0 290 399 40 42
0 317 361 40 42
0 236 342 40 42
0 328 405 40 42
0 367 365 40 42
0 361 416 40 42
0 373 449 40 42
0 410 447 40 42
0 444 425 40 42
0 278 464 40 42
7 484 449 40 42
0 430 130 40 42
11 138 19 40 42
6 284 165 40 42
