8 515 303 40 42
0 32 33 40 42
0 75 43 40 42
0 136 16 40 42
0 132 67 40 42
0 92 90 40 42
0 50 119 40 42
0 49 149 40 42
0 110 122 40 42
0 97 169 40 42
0 51 196 40 42
0 125 195 40 42
0 150 160 40 42
0 203 162 40 42
0 171 195 40 42
0 242 154 40 42
0 230 118 40 42
0 242 77 40 42
0 275 67 40 42
0 261 15 40 42
0 218 38 40 42
3 194 74 40 42
0 176 25 40 42
0 319 33 40 42
0 331 67 40 42
0 358 26 40 42
0 396 12 40 42
0 390 50 40 42
0 359 89 40 42
0 300 95 40 42
0 302 132 40 42
0 390 117 40 42
0 442 61 40 42
0 470 29 40 42
0 434 12 40 42
0 517 8 40 42
0 560 30 40 42
0 551 77 40 42
0 517 86 40 42
0 566 107 40 42
0 608 65 40 42
0 620 4 40 42
0 635 110 40 42
0 613 153 40 42
0 518 129 40 42
0 476 167 40 42
0 420 162 40 42
0 429 203 40 42
0 380 193 40 42
2 345 190 40 42
0 298 180 40 42
0 115 230 40 42
0 62 245 40 42
0 69 279 40 42
0 141 258 40 42
0 128 297 40 42
0 197 276 40 42
0 177 306 40 42
0 28 337 40 42
0 64 323 40 42
0 105 329 40 42
0 126 370 40 42
0 148 336 40 42
0 75 386 40 42
0 30 377 40 42
0 117 400 40 42
0 79 431 40 42
0 102 455 40 42
0 165 444 40 42
0 185 395 40 42
0 194 368 40 42
0 213 325 40 42
0 252 326 40 42
0 251 367 40 42
0 216 395 40 42
0 204 434 40 42
0 252 409 40 42
0 324 422 40 42
0 296 424 40 42
0 318 455 40 42
0 339 380 40 42
0 387 410 40 42
0 359 453 40 42
3 307 317 40 42
0 430 422 40 42
0 405 453 40 42
3 470 410 40 42
0 359 315 40 42
0 364 258 40 42
0 335 237 40 42
0 387 233 40 42
0 270 212 40 42
0 475 234 40 42
0 509 230 40 42
0 492 276 40 42
0 436 278 40 42
4 408 271 40 42
0 397 328 40 42
0 367 353 40 42
0 322 350 40 42
0 414 368 40 42
0 472 323 40 42
0 438 317 40 42
0 462 370 40 42
0 514 342 40 42
0 562 317 40 42
0 585 280 40 42
0 531 255 40 42
0 612 312 40 42
0 584 352 40 42
0 535 390 40 42
0 581 400 40 42
0 547 435 40 42
0 634 389 40 42
0 605 425 40 42
0 476 453 40 42
5 511 441 40 42
0 343 154 40 42
5 513 52 40 42
0 422 97 40 42
11 254 461 40 42
