8 437 426 40 42
8 363 447 40 42
8 322 442 40 42
9 330 200 40 42
6 310 82 40 42
6 24 417 40 42
9 612 79 40 42
4 397 382 40 42
3 326 231 40 42
4 101 172 40 42
4 157 9 40 42
4 125 405 40 42
4 163 434 40 42
4 113 309 40 42
9 399 101 40 42
8 298 134 40 42
8 353 336 40 42
4 11 42 40 42
8 36 256 40 42
8 67 23 40 42
8 143 62 40 42
8 275 25 40 42
8 162 115 40 42
8 118 90 40 42
8 452 160 40 42
8 521 286 40 42
8 507 315 40 42
3 364 166 40 42
3 274 462 40 42
2 570 133 40 42
2 118 144 40 42
11 537 437 40 42
3 492 442 40 42
6 215 318 40 42
11 62 174 40 42
2 132 23 40 42
11 310 355 40 42
3 62 443 40 42
0 63 58 40 42
0 37 97 40 42
0 87 115 40 42
0 206 120 40 42
0 171 155 40 42
0 155 191 40 42
0 63 217 40 42
0 82 270 40 42
0 123 233 40 42
0 89 341 40 42
0 21 353 40 42
0 267 218 40 42
0 275 86 40 42
0 235 30 40 42
0 181 37 40 42
0 492 130 40 42
3 449 115 40 42
0 406 261 40 42
0 375 285 40 42
0 327 304 40 42
0 444 349 40 42
0 616 288 40 42
0 596 228 40 42
0 553 205 40 42
0 512 214 40 42
0 576 49 40 42
0 523 63 40 42
0 482 30 40 42
0 431 57 40 42
0 390 42 40 42
0 332 132 40 42
0 364 224 40 42
0 221 380 40 42
0 260 354 40 42
0 340 397 40 42
0 393 423 40 42
0 537 401 40 42
0 562 370 40 42
0 564 254 40 42
0 528 345 40 42
0 222 456 40 42
8 351 91 40 42
8 239 411 40 42
0 521 107 40 42
