8 127 370 40 42
8 134 445 40 42
8 185 462 40 42
8 312 432 40 42
8 456 365 40 42
8 625 312 40 42
8 569 242 40 42
8 83 148 40 42
8 460 110 40 42
8 117 215 40 42
8 217 249 40 42
8 533 423 40 42
8 448 418 40 42
3 294 110 40 42
3 77 92 40 42
9 264 49 40 42
9 373 46 40 42
9 408 76 40 42
4 69 262 40 42
11 36 155 40 42
11 299 155 40 42
11 342 136 40 42
4 252 321 40 42
11 87 182 40 42
8 630 402 40 42
11 360 268 40 42
9 294 345 40 42
3 183 432 40 42
11 390 196 40 42
2 142 73 40 42
2 179 14 40 42
6 48 342 40 42
6 337 404 40 42
2 582 167 40 42
0 600 138 40 42
8 610 44 40 42
0 234 95 40 42
0 187 64 40 42
0 200 132 40 42
0 140 17 40 42
0 128 163 40 42
0 47 190 40 42
0 57 115 40 42
0 81 220 40 42
0 113 275 40 42
0 152 281 40 42
0 195 222 40 42
0 195 305 40 42
0 75 308 40 42
0 70 381 40 42
0 94 413 40 42
0 263 170 40 42
0 267 212 40 42
0 256 277 40 42
0 353 178 40 42
0 426 159 40 42
0 420 32 40 42
0 316 30 40 42
0 339 64 40 42
0 367 16 40 42
0 353 103 40 42
0 387 89 40 42
0 166 109 40 42
0 146 144 40 42
0 104 127 40 42
0 471 75 40 42
0 537 37 40 42
0 483 39 40 42
0 456 17 40 42
0 571 77 40 42
0 575 28 40 42
0 618 85 40 42
0 509 146 40 42
2 479 188 40 42
0 441 205 40 42
0 521 190 40 42
0 415 324 40 42
0 437 282 40 42
0 464 328 40 42
0 500 287 40 42
0 527 324 40 42
0 588 296 40 42
0 545 284 40 42
0 477 256 40 42
0 507 227 40 42
0 562 191 40 42
0 616 190 40 42
0 612 349 40 42
0 418 444 40 42
0 225 389 40 42
0 252 362 40 42
0 156 326 40 42
0 164 371 40 42
0 176 411 40 42
0 228 460 40 42
0 240 426 40 42
0 304 399 40 42
0 335 308 40 42
0 353 350 40 42
0 306 265 40 42
0 401 369 40 42
0 376 411 40 42
0 499 395 40 42
0 551 379 40 42
0 372 458 40 42
0 24 39 40 42
0 551 106 40 42
0 552 142 40 42
