4 225 68 40 42
4 245 29 40 42
11 71 57 40 42
4 108 87 40 42
4 16 45 40 42
4 44 75 40 42
4 143 55 40 42
4 178 32 40 42
4 139 17 40 42
3 259 49 40 42
11 283 76 40 42
4 72 157 40 42
4 50 229 40 42
4 88 203 40 42
4 126 173 40 42
4 162 158 40 42
4 154 127 40 42
4 209 127 40 42
4 203 191 40 42
4 20 196 40 42
4 258 195 40 42
4 168 273 40 42
4 57 296 40 42
4 47 347 40 42
4 77 353 40 42
4 132 318 40 42
4 224 328 40 42
4 258 271 40 42
4 294 233 40 42
4 345 197 40 42
4 213 290 40 42
4 275 368 40 42
4 175 440 40 42
4 115 430 40 42
4 219 448 40 42
4 272 446 40 42
4 349 453 40 42
4 365 374 40 42
4 302 399 40 42
4 268 332 40 42
4 340 316 40 42
4 342 136 40 42
4 379 132 40 42
4 338 47 40 42
4 376 15 40 42
4 284 17 40 42
4 422 76 40 42
4 385 70 40 42
4 471 66 40 42
4 486 166 40 42
4 418 142 40 42
4 440 161 40 42
4 407 183 40 42
4 530 162 40 42
4 613 117 40 42
4 558 56 40 42
4 612 227 40 42
4 628 192 40 42
4 494 218 40 42
4 515 345 40 42
4 472 357 40 42
4 443 339 40 42
4 456 452 40 42
9 415 318 40 42
9 319 300 40 42
9 240 235 40 42
9 307 171 40 42
9 153 199 40 42
9 91 397 40 42
9 303 442 40 42
9 522 125 40 42
11 387 232 40 42
11 125 235 40 42
11 376 317 40 42
4 596 34 40 42
4 409 420 40 42
4 585 459 40 42
9 596 159 40 42
9 562 204 40 42
9 566 241 40 42
9 530 225 40 42
9 86 258 40 42
11 497 451 40 42
11 342 253 40 42
11 330 267 40 42
11 96 304 40 42
11 413 460 40 42
11 366 175 40 42
11 24 105 40 42
2 15 164 40 42
9 45 15 40 42
11 177 405 40 42
4 112 367 40 42
9 23 370 40 42
2 22 327 40 42
4 415 387 40 42
4 444 395 40 42
4 468 385 40 42
0 492 285 40 42
11 432 226 40 42
4 486 112 40 42
9 464 134 40 42
4 235 165 40 42
4 512 12 40 42
3 517 63 40 42
3 159 381 40 42
0 169 318 40 42
4 182 360 40 42
4 509 247 40 42
4 591 270 40 42
11 604 379 40 42
11 581 424 40 42
4 535 412 40 42
11 257 415 40 42
10 274 144 40 42
4 25 141 40 42
11 541 100 40 42
11 310 359 40 42
