4 420 325 40 42
8 397 426 40 42
8 377 317 40 42
8 351 268 40 42
4 385 238 40 42
8 561 341 40 42
8 460 319 40 42
8 532 239 40 42
8 438 79 40 42
8 144 337 40 42
8 47 434 40 42
8 112 146 40 42
11 539 298 40 42
4 552 199 40 42
4 497 114 40 42
8 59 33 40 42
8 210 329 40 42
8 606 130 40 42
8 256 64 40 42
8 148 172 40 42
6 497 305 40 42
0 560 82 40 42
0 219 73 40 42
0 71 87 40 42
0 88 436 40 42
6 196 406 40 42
0 411 392 40 42
0 183 286 40 42
11 31 170 40 42
0 22 66 40 42
0 27 110 40 42
0 183 44 40 42
0 187 90 40 42
11 118 104 40 42
0 80 130 40 42
11 110 193 40 42
3 257 124 40 42
0 312 61 40 42
0 298 23 40 42
0 349 18 40 42
0 419 12 40 42
0 489 61 40 42
0 435 47 40 42
0 535 32 40 42
0 589 34 40 42
0 632 49 40 42
0 317 163 40 42
0 335 120 40 42
0 240 189 40 42
0 441 213 40 42
0 380 197 40 42
0 282 232 40 42
0 295 270 40 42
0 311 307 40 42
0 59 374 40 42
0 85 305 40 42
0 460 273 40 42
0 492 259 40 42
0 624 205 40 42
0 577 261 40 42
0 539 167 40 42
8 501 200 40 42
8 572 163 40 42
0 367 112 40 42
8 352 372 40 42
0 359 417 40 42
0 479 361 40 42
0 522 382 40 42
0 564 413 40 42
0 595 389 40 42
0 228 384 40 42
0 299 345 40 42
0 235 294 40 42
0 261 336 40 42
0 126 436 40 42
0 144 395 40 42
0 142 284 40 42
11 292 467 40 42
