6 143 385 40 42
6 571 197 40 42
4 221 355 40 42
4 195 427 40 42
4 215 35 40 42
4 50 162 40 42
4 514 349 40 42
4 564 260 40 42
4 228 98 40 42
9 495 111 40 42
9 429 27 40 42
9 187 107 40 42
9 110 156 40 42
9 32 458 40 42
4 341 460 40 42
9 340 361 40 42
8 283 357 40 42
8 605 287 40 42
8 577 42 40 42
8 489 154 40 42
3 530 151 40 42
4 590 143 40 42
6 403 87 40 42
4 384 181 40 42
3 70 120 40 42
3 114 75 40 42
8 314 87 40 42
0 240 143 40 42
0 216 237 40 42
2 362 430 40 42
0 37 94 40 42
0 73 77 40 42
0 77 35 40 42
0 146 93 40 42
0 146 129 40 42
0 59 210 40 42
0 90 255 40 42
0 28 280 40 42
0 154 225 40 42
0 171 197 40 42
0 184 152 40 42
0 197 78 40 42
0 260 69 40 42
0 273 99 40 42
0 322 26 40 42
0 375 50 40 42
0 362 108 40 42
0 269 168 40 42
0 235 188 40 42
3 112 195 40 42
0 36 352 40 42
0 82 401 40 42
0 106 365 40 42
0 94 330 40 42
0 130 288 40 42
0 166 306 40 42
0 165 358 40 42
0 219 273 40 42
6 242 302 40 42
0 259 383 40 42
0 303 306 40 42
0 295 270 40 42
0 337 258 40 42
0 361 221 40 42
0 317 222 40 42
0 421 222 40 42
0 450 258 40 42
0 412 303 40 42
0 453 322 40 42
0 369 321 40 42
0 437 367 40 42
0 458 401 40 42
8 385 397 40 42
0 529 440 40 42
0 548 372 40 42
0 576 336 40 42
3 514 400 40 42
0 513 228 40 42
0 516 186 40 42
0 410 152 40 42
0 424 110 40 42
0 456 135 40 42
0 550 75 40 42
0 512 39 40 42
0 518 95 40 42
0 465 57 40 42
0 625 160 40 42
0 610 246 40 42
0 612 379 40 42
0 622 412 40 42
0 590 454 40 42
3 611 199 40 42
