4 255 320 40 42
4 78 259 40 42
9 532 423 40 42
8 140 447 40 42
8 125 370 40 42
8 180 464 40 42
8 184 430 40 42
8 308 440 40 42
8 448 364 40 42
8 450 420 40 42
8 615 407 40 42
8 566 247 40 42
8 121 202 40 42
8 214 249 40 42
8 175 60 40 42
8 74 152 40 42
8 456 112 40 42
8 597 45 40 42
11 328 137 40 42
11 305 160 40 42
6 42 342 40 42
4 32 150 40 42
11 90 184 40 42
2 353 266 40 42
2 395 197 40 42
2 479 189 40 42
0 515 187 40 42
3 296 120 40 42
3 84 93 40 42
0 581 161 40 42
0 557 192 40 42
0 603 189 40 42
0 608 128 40 42
0 560 103 40 42
0 555 140 40 42
0 505 149 40 42
0 573 67 40 42
0 630 83 40 42
0 442 282 40 42
0 472 253 40 42
0 507 220 40 42
0 478 327 40 42
0 422 318 40 42
0 500 290 40 42
0 530 318 40 42
0 588 302 40 42
8 549 283 40 42
0 406 367 40 42
0 384 402 40 42
0 379 448 40 42
0 545 377 40 42
0 416 440 40 42
0 444 195 40 42
9 296 352 40 42
0 162 366 40 42
0 138 72 40 42
2 173 12 40 42
0 64 387 40 42
0 95 407 40 42
0 72 309 40 42
0 105 283 40 42
0 146 283 40 42
0 203 301 40 42
0 196 223 40 42
0 80 217 40 42
0 47 193 40 42
0 53 122 40 42
0 135 15 40 42
0 20 38 40 42
0 161 110 40 42
0 141 136 40 42
0 126 167 40 42
0 200 131 40 42
0 230 91 40 42
0 313 29 40 42
0 329 61 40 42
9 409 85 40 42
9 369 45 40 42
0 367 14 40 42
0 414 30 40 42
0 467 21 40 42
0 493 30 40 42
0 479 78 40 42
0 534 39 40 42
0 371 92 40 42
0 349 103 40 42
0 353 175 40 42
0 256 168 40 42
0 266 213 40 42
0 332 309 40 42
0 309 266 40 42
0 250 280 40 42
0 159 325 40 42
0 172 402 40 42
0 227 391 40 42
0 250 361 40 42
0 251 420 40 42
0 235 457 40 42
0 307 391 40 42
0 337 407 40 42
0 348 351 40 42
0 501 397 40 42
0 608 354 40 42
0 624 319 40 42
0 426 164 40 42
