6 466 278 40 42
6 268 276 40 42
4 215 373 40 42
4 598 402 40 42
8 147 445 40 42
8 90 407 40 42
8 86 213 40 42
8 146 210 40 42
8 111 172 40 42
8 49 67 40 42
8 36 41 40 42
8 166 52 40 42
8 209 17 40 42
8 384 80 40 42
8 435 25 40 42
8 631 77 40 42
8 318 209 40 42
8 344 250 40 42
8 232 258 40 42
8 355 437 40 42
8 353 375 40 42
8 443 393 40 42
8 403 449 40 42
8 536 391 40 42
8 552 342 40 42
8 584 308 40 42
11 493 470 40 42
11 610 435 40 42
11 467 322 40 42
8 46 438 40 42
8 39 260 40 42
9 302 31 40 42
11 41 345 40 42
2 236 185 40 42
0 185 320 40 42
0 382 24 40 42
6 367 62 40 42
2 491 393 40 42
0 100 19 40 42
0 148 22 40 42
0 116 66 40 42
0 74 101 40 42
0 61 132 40 42
0 23 187 40 42
0 72 177 40 42
0 125 112 40 42
0 197 90 40 42
0 160 155 40 42
0 244 97 40 42
0 250 128 40 42
0 356 121 40 42
0 322 80 40 42
0 318 145 40 42
0 320 172 40 42
0 206 216 40 42
0 145 263 40 42
0 185 276 40 42
0 77 284 40 42
0 126 310 40 42
0 149 380 40 42
0 240 330 40 42
0 295 322 40 42
0 183 402 40 42
0 238 421 40 42
0 260 455 40 42
6 296 371 40 42
0 388 290 40 42
0 368 335 40 42
0 433 244 40 42
0 385 235 40 42
0 351 204 40 42
0 440 196 40 42
0 431 102 40 42
0 437 147 40 42
0 499 82 40 42
0 483 116 40 42
0 552 90 40 42
11 575 133 40 42
6 487 44 40 42
0 517 173 40 42
0 507 221 40 42
11 568 200 40 42
0 546 238 40 42
0 608 233 40 42
0 603 275 40 42
0 527 310 40 42
0 530 278 40 42
0 507 365 40 42
0 388 399 40 42
0 323 404 40 42
0 270 220 40 42
2 46 399 40 42
0 287 79 40 42
