6 99 308 40 42
6 14 335 40 42
9 594 185 40 42
9 17 150 40 42
6 367 215 40 42
4 208 235 40 42
8 412 287 40 42
8 329 162 40 42
8 367 105 40 42
8 236 68 40 42
8 415 29 40 42
8 520 18 40 42
8 20 45 40 42
8 285 187 40 42
8 31 267 40 42
8 608 406 40 42
8 549 320 40 42
8 492 440 40 42
8 536 463 40 42
9 553 440 40 42
3 580 379 40 42
8 93 415 40 42
8 142 392 40 42
8 175 365 40 42
8 203 332 40 42
8 185 295 40 42
8 172 262 40 42
8 210 409 40 42
8 475 175 40 42
8 594 88 40 42
8 91 123 40 42
11 73 383 40 42
8 90 241 40 42
8 135 240 40 42
8 134 194 40 42
0 330 86 40 42
2 306 404 40 42
0 370 340 40 42
0 463 302 40 42
0 532 297 40 42
0 547 278 40 42
0 393 172 40 42
11 209 155 40 42
0 180 128 40 42
2 26 385 40 42
0 51 12 40 42
0 65 59 40 42
0 134 87 40 42
0 175 71 40 42
0 296 94 40 42
0 247 118 40 42
0 266 150 40 42
0 235 199 40 42
0 201 193 40 42
0 173 210 40 42
0 274 238 40 42
0 278 285 40 42
0 74 347 40 42
0 62 314 40 42
0 241 314 40 42
0 374 260 40 42
0 379 298 40 42
11 339 336 40 42
11 411 345 40 42
0 287 366 40 42
0 252 425 40 42
0 294 446 40 42
0 356 442 40 42
0 340 386 40 42
0 458 370 40 42
0 441 408 40 42
0 390 426 40 42
0 395 450 40 42
0 444 230 40 42
0 458 115 40 42
0 395 135 40 42
0 612 48 40 42
0 584 122 40 42
0 543 89 40 42
0 355 36 40 42
0 323 17 40 42
0 516 189 40 42
0 489 288 40 42
0 549 227 40 42
0 616 246 40 42
0 630 276 40 42
0 595 336 40 42
2 557 364 40 42
0 522 422 40 42
0 493 95 40 42
0 455 38 40 42
0 401 64 40 42
0 566 57 40 42
0 491 148 40 42
0 540 140 40 42
0 135 304 40 42
0 152 340 40 42
0 328 203 40 42
