8 402 426 40 42
8 380 325 40 42
8 465 312 40 42
8 509 195 40 42
8 527 230 40 42
8 626 130 40 42
8 567 337 40 42
8 148 172 40 42
8 68 29 40 42
8 436 75 40 42
8 349 262 40 42
8 145 320 40 42
3 259 113 40 42
4 421 325 40 42
4 397 241 40 42
4 560 194 40 42
4 506 115 40 42
8 217 325 40 42
8 30 155 40 42
3 562 85 40 42
3 371 101 40 42
3 333 106 40 42
3 316 159 40 42
3 247 183 40 42
3 379 192 40 42
3 286 232 40 42
3 430 218 40 42
3 532 161 40 42
9 573 157 40 42
3 575 128 40 42
11 536 296 40 42
11 434 114 40 42
2 217 62 40 42
0 66 80 40 42
8 262 67 40 42
0 192 410 40 42
0 88 436 40 42
0 412 392 40 42
0 360 415 40 42
0 491 349 40 42
0 485 398 40 42
0 521 380 40 42
0 576 260 40 42
0 488 258 40 42
0 456 277 40 42
6 500 302 40 42
0 622 206 40 42
0 603 22 40 42
0 536 14 40 42
0 478 56 40 42
0 436 39 40 42
0 412 6 40 42
0 355 21 40 42
0 305 22 40 42
0 318 65 40 42
0 177 48 40 42
0 120 100 40 42
0 77 137 40 42
0 31 99 40 42
0 13 65 40 42
0 123 143 40 42
0 108 191 40 42
0 78 314 40 42
0 141 288 40 42
0 182 284 40 42
0 51 381 40 42
0 255 343 40 42
0 289 268 40 42
0 310 347 40 42
0 317 298 40 42
0 232 383 40 42
0 293 462 40 42
0 241 297 40 42
0 184 95 40 42
0 560 407 40 42
0 601 384 40 42
0 352 377 40 42
