8 602 282 40 42
8 112 152 40 42
8 574 35 40 42
8 381 393 40 42
6 403 83 40 42
6 567 196 40 42
6 145 388 40 42
9 183 107 40 42
9 428 32 40 42
9 500 118 40 42
4 212 36 40 42
4 51 158 40 42
4 220 359 40 42
4 192 423 40 42
4 512 345 40 42
0 77 402 40 42
0 111 371 40 42
0 165 310 40 42
0 161 358 40 42
0 103 325 40 42
11 120 288 40 42
3 68 114 40 42
3 36 345 40 42
6 242 309 40 42
8 280 350 40 42
0 365 439 40 42
4 342 463 40 42
0 432 356 40 42
0 459 395 40 42
3 516 404 40 42
3 441 451 40 42
0 523 439 40 42
0 554 375 40 42
0 574 340 40 42
0 613 388 40 42
0 630 411 40 42
0 600 455 40 42
0 370 322 40 42
0 412 300 40 42
0 461 316 40 42
0 448 262 40 42
4 562 262 40 42
4 380 178 40 42
0 223 275 40 42
0 215 232 40 42
0 35 272 40 42
0 85 247 40 42
0 150 229 40 42
0 180 192 40 42
0 59 213 40 42
3 100 191 40 42
0 224 191 40 42
0 270 168 40 42
2 238 143 40 42
0 189 147 40 42
0 139 129 40 42
0 37 88 40 42
0 77 70 40 42
0 76 30 40 42
2 115 72 40 42
0 147 89 40 42
0 228 101 40 42
0 269 100 40 42
0 199 82 40 42
0 262 66 40 42
6 315 82 40 42
6 316 24 40 42
0 367 109 40 42
0 372 61 40 42
3 537 154 40 42
3 555 119 40 42
0 516 186 40 42
0 525 227 40 42
0 293 267 40 42
0 317 223 40 42
0 337 257 40 42
0 361 226 40 42
0 429 222 40 42
0 304 310 40 42
4 456 137 40 42
0 420 114 40 42
0 414 145 40 42
0 553 70 40 42
0 511 92 40 42
0 512 44 40 42
0 625 161 40 42
0 614 193 40 42
0 609 238 40 42
0 487 154 40 42
