4 429 424 40 42
4 268 451 40 42
4 279 179 40 42
4 250 111 40 42
4 72 14 40 42
4 23 162 40 42
1 160 57 40 42
1 156 130 40 42
1 205 76 40 42
0 296 62 40 42
1 304 133 40 42
1 369 25 40 42
0 410 63 40 42
0 227 176 40 42
1 179 221 40 42
1 116 260 40 42
1 130 285 40 42
1 533 68 40 42
0 593 69 40 42
1 460 141 40 42
1 282 340 40 42
1 339 314 40 42
6 156 454 40 42
1 588 363 40 42
1 557 201 40 42
1 507 422 40 42
1 21 335 40 42
0 41 399 40 42
0 58 357 40 42
1 100 332 40 42
4 276 253 40 42
0 249 297 40 42
0 339 265 40 42
0 248 391 40 42
0 305 411 40 42
0 217 462 40 42
0 377 424 40 42
0 530 324 40 42
0 615 257 40 42
3 425 291 40 42
1 389 262 40 42
1 443 217 40 42
0 367 200 40 42
0 407 158 40 42
0 487 95 40 42
0 566 156 40 42
1 610 205 40 42
1 465 336 40 42
0 477 385 40 42
0 575 291 40 42
0 629 162 40 42
0 556 410 40 42
