4 150 39 40 42
4 94 34 40 42
4 177 79 40 42
4 150 157 40 42
4 217 201 40 42
4 197 253 40 42
4 287 189 40 42
4 312 219 40 42
4 449 25 40 42
4 387 37 40 42
4 360 16 40 42
4 446 88 40 42
4 523 65 40 42
4 552 20 40 42
4 557 96 40 42
4 608 107 40 42
4 600 53 40 42
4 631 52 40 42
4 587 175 40 42
4 535 200 40 42
4 406 128 40 42
4 429 218 40 42
4 314 164 40 42
4 138 198 40 42
4 95 221 40 42
4 28 266 40 42
4 77 298 40 42
4 116 275 40 42
4 145 282 40 42
4 198 297 40 42
4 169 335 40 42
4 142 357 40 42
4 115 326 40 42
4 235 326 40 42
4 210 353 40 42
4 249 383 40 42
4 258 297 40 42
4 264 251 40 42
4 291 305 40 42
4 323 334 40 42
4 357 306 40 42
3 133 459 40 42
3 626 350 40 42
4 361 427 40 42
4 384 405 40 42
4 352 377 40 42
4 306 456 40 42
4 430 364 40 42
4 458 326 40 42
4 520 322 40 42
4 165 392 40 42
11 262 77 40 42
11 387 265 40 42
11 313 268 40 42
9 498 87 40 42
9 147 114 40 42
9 78 81 40 42
9 76 182 40 42
9 221 278 40 42
9 355 255 40 42
9 429 431 40 42
3 95 440 40 42
3 105 401 40 42
11 224 22 40 42
11 27 65 40 42
9 31 186 40 42
9 432 277 40 42
9 359 128 40 42
9 612 244 40 42
11 628 205 40 42
0 43 231 40 42
4 378 86 40 42
4 355 68 40 42
3 113 11 40 42
9 389 462 40 42
4 270 18 40 42
8 32 151 40 42
11 49 36 40 42
0 213 66 40 42
4 304 120 40 42
2 175 212 40 42
4 177 432 40 42
4 207 445 40 42
11 72 128 40 42
9 450 164 40 42
2 453 132 40 42
3 254 185 40 42
0 525 243 40 42
9 532 132 40 42
4 26 350 40 42
9 37 300 40 42
4 43 330 40 42
4 503 424 40 42
3 528 387 40 42
11 555 373 40 42
4 596 402 40 42
4 587 363 40 42
4 573 310 40 42
4 565 272 40 42
11 622 320 40 42
11 634 412 40 42
4 633 264 40 42
0 546 166 40 42
4 483 324 40 42
4 468 425 40 42
11 416 328 40 42
4 420 177 40 42
4 156 6 40 42
3 290 340 40 42
2 457 244 40 42
2 477 216 40 42
