4 314 406 40 42
4 268 381 40 42
4 287 470 40 42
4 80 306 40 42
4 177 172 40 42
4 487 98 40 42
4 581 452 40 42
1 307 36 40 42
1 227 33 40 42
1 129 93 40 42
4 191 110 40 42
0 336 95 40 42
0 322 150 40 42
0 371 121 40 42
1 448 132 40 42
0 460 67 40 42
0 408 203 40 42
0 405 151 40 42
0 347 195 40 42
0 467 211 40 42
1 520 217 40 42
4 477 270 40 42
1 243 233 40 42
3 197 262 40 42
1 126 229 40 42
0 61 168 40 42
1 43 309 40 42
0 371 332 40 42
1 185 446 40 42
3 91 427 40 42
3 247 402 40 42
0 251 338 40 42
0 148 337 40 42
1 322 323 40 42
0 614 349 40 42
0 624 242 40 42
1 612 190 40 42
1 509 440 40 42
0 418 398 40 42
0 131 387 40 42
0 178 403 40 42
0 25 267 40 42
0 292 193 40 42
0 304 269 40 42
0 525 309 40 42
0 567 395 40 42
