4 620 464 40 42
3 517 357 40 42
4 512 184 40 42
9 160 322 40 42
1 402 87 40 42
1 450 83 40 42
1 600 55 40 42
0 433 25 40 42
0 253 45 40 42
0 167 45 40 42
1 78 67 40 42
6 133 95 40 42
1 264 194 40 42
1 308 287 40 42
0 58 23 40 42
0 97 152 40 42
0 151 127 40 42
0 136 193 40 42
1 79 215 40 42
0 145 251 40 42
1 61 273 40 42
0 155 382 40 42
0 101 366 40 42
0 84 318 40 42
1 39 399 40 42
1 140 433 40 42
3 26 440 40 42
0 296 379 40 42
0 323 334 40 42
4 368 395 40 42
1 505 417 40 42
1 552 397 40 42
0 423 323 40 42
0 379 352 40 42
4 555 310 40 42
0 602 175 40 42
1 553 215 40 42
1 611 231 40 42
0 320 198 40 42
0 232 144 40 42
0 393 180 40 42
0 353 247 40 42
0 367 302 40 42
0 439 239 40 42
0 477 148 40 42
4 424 202 40 42
0 428 393 40 42
