4 433 332 40 42
4 561 88 40 42
4 477 195 40 42
4 61 383 40 42
4 540 333 40 42
4 348 467 40 42
3 255 367 40 42
4 446 451 40 42
4 189 428 40 42
4 178 362 40 42
4 308 35 40 42
1 292 147 40 42
1 537 38 40 42
0 457 63 40 42
1 482 106 40 42
4 498 155 40 42
0 555 160 40 42
1 625 123 40 42
4 597 185 40 42
1 428 125 40 42
1 381 90 40 42
1 359 29 40 42
0 383 162 40 42
0 330 188 40 42
1 250 190 40 42
1 265 265 40 42
1 334 227 40 42
3 55 443 40 42
3 139 401 40 42
3 36 150 40 42
1 165 100 40 42
0 179 53 40 42
6 252 30 40 42
0 203 138 40 42
4 58 73 40 42
0 108 75 40 42
3 92 138 40 42
3 132 111 40 42
0 80 184 40 42
0 34 274 40 42
3 210 223 40 42
1 104 321 40 42
1 205 315 40 42
1 253 314 40 42
0 181 274 40 42
0 120 275 40 42
0 293 397 40 42
1 340 413 40 42
0 337 355 40 42
0 349 312 40 42
3 394 392 40 42
3 495 389 40 42
1 565 294 40 42
0 442 286 40 42
0 499 288 40 42
0 539 257 40 42
