4 178 340 40 42
4 41 124 40 42
4 254 146 40 42
4 71 25 40 42
4 506 273 40 42
4 548 218 40 42
4 575 45 40 42
4 472 411 40 42
9 424 359 40 42
0 508 53 40 42
1 472 95 40 42
4 445 160 40 42
1 392 154 40 42
0 407 80 40 42
0 367 64 40 42
1 324 118 40 42
1 208 117 40 42
0 136 65 40 42
1 114 200 40 42
6 171 207 40 42
0 52 263 40 42
4 98 276 40 42
0 17 305 40 42
1 35 356 40 42
0 116 357 40 42
0 258 231 40 42
0 339 227 40 42
0 242 306 40 42
0 220 193 40 42
0 395 211 40 42
0 485 222 40 42
0 537 164 40 42
0 72 386 40 42
0 62 442 40 42
1 171 427 40 42
6 243 376 40 42
0 233 436 40 42
1 291 282 40 42
1 334 314 40 42
1 377 287 40 42
0 294 72 40 42
1 545 320 40 42
1 603 373 40 42
0 424 448 40 42
0 518 374 40 42
0 564 385 40 42
0 292 363 40 42
4 296 402 40 42
