3 593 21 40 42
4 468 29 40 42
0 408 40 40 42
0 366 22 40 42
0 326 92 40 42
1 377 103 40 42
0 426 89 40 42
4 450 138 40 42
0 497 115 40 42
1 372 161 40 42
4 527 192 40 42
3 596 172 40 42
3 589 212 40 42
0 497 233 40 42
1 541 252 40 42
0 502 290 40 42
4 436 229 40 42
4 368 372 40 42
4 105 355 40 42
4 102 296 40 42
4 55 387 40 42
1 465 402 40 42
0 537 393 40 42
0 589 349 40 42
0 541 434 40 42
0 483 464 40 42
0 592 423 40 42
0 338 417 40 42
0 294 345 40 42
0 302 279 40 42
0 252 251 40 42
0 322 219 40 42
0 368 241 40 42
0 315 144 40 42
1 142 122 40 42
1 155 75 40 42
1 50 440 40 42
6 154 318 40 42
4 197 420 40 42
1 188 379 40 42
0 124 394 40 42
0 191 237 40 42
0 254 180 40 42
0 187 180 40 42
0 225 140 40 42
0 159 29 40 42
0 107 20 40 42
0 62 215 40 42
0 41 170 40 42
0 95 138 40 42
0 50 282 40 42
0 20 334 40 42
0 127 243 40 42
