4 359 393 40 42
4 287 255 40 42
4 130 73 40 42
4 602 62 40 42
4 483 20 40 42
4 385 266 40 42
0 110 35 40 42
1 147 153 40 42
6 82 161 40 42
0 203 168 40 42
1 264 114 40 42
0 244 32 40 42
0 329 79 40 42
0 354 122 40 42
1 542 57 40 42
0 475 117 40 42
0 531 132 40 42
6 624 126 40 42
0 490 201 40 42
0 304 214 40 42
0 244 239 40 42
1 249 290 40 42
0 465 263 40 42
0 398 317 40 42
6 307 352 40 42
0 255 338 40 42
0 203 280 40 42
0 150 292 40 42
1 197 350 40 42
6 195 400 40 42
0 258 406 40 42
1 365 442 40 42
0 497 362 40 42
1 110 401 40 42
0 156 442 40 42
0 74 340 40 42
0 25 329 40 42
0 42 283 40 42
1 29 394 40 42
0 622 314 40 42
0 578 350 40 42
0 526 397 40 42
0 570 392 40 42
