4 369 429 40 42
4 332 430 40 42
4 320 292 40 42
4 391 323 40 42
4 427 461 40 42
4 439 422 40 42
4 458 385 40 42
4 437 370 40 42
4 471 444 40 42
4 502 411 40 42
4 547 432 40 42
4 537 379 40 42
4 550 352 40 42
4 599 359 40 42
4 617 270 40 42
4 458 318 40 42
4 425 303 40 42
4 502 309 40 42
4 447 242 40 42
4 416 225 40 42
4 373 233 40 42
4 438 170 40 42
4 60 375 40 42
4 12 455 40 42
4 50 330 40 42
4 28 311 40 42
4 45 262 40 42
4 89 281 40 42
4 118 323 40 42
4 123 245 40 42
4 172 232 40 42
4 242 217 40 42
4 270 167 40 42
4 296 198 40 42
4 308 233 40 42
4 254 251 40 42
4 250 284 40 42
4 194 320 40 42
4 402 126 40 42
4 345 97 40 42
4 264 126 40 42
4 225 82 40 42
4 183 82 40 42
4 193 130 40 42
4 126 140 40 42
4 120 178 40 42
4 86 122 40 42
4 46 91 40 42
4 35 132 40 42
4 47 70 40 42
4 65 27 40 42
4 247 24 40 42
4 430 24 40 42
4 432 52 40 42
4 475 80 40 42
4 427 98 40 42
4 445 139 40 42
4 594 54 40 42
4 598 104 40 42
4 358 285 40 42
4 359 325 40 42
4 552 125 40 42
4 555 17 40 42
3 116 70 40 42
3 155 115 40 42
3 232 119 40 42
3 369 67 40 42
9 356 129 40 42
3 553 86 40 42
3 475 186 40 42
3 357 382 40 42
3 128 288 40 42
3 424 340 40 42
0 420 277 40 42
3 298 99 40 42
3 378 191 40 42
3 146 352 40 42
4 175 37 40 42
4 151 15 40 42
3 100 14 40 42
11 211 160 40 42
11 100 217 40 42
11 15 204 40 42
11 65 223 40 42
11 164 278 40 42
11 223 288 40 42
11 172 417 40 42
4 511 172 40 42
4 487 165 40 42
11 514 129 40 42
11 450 213 40 42
4 480 244 40 42
4 630 184 40 42
4 629 235 40 42
4 268 431 40 42
0 458 41 40 42
4 486 16 40 42
0 207 27 40 42
0 180 357 40 42
1 533 242 40 42
4 553 299 40 42
2 574 255 40 42
3 122 384 40 42
2 85 456 40 42
3 284 410 40 42
0 254 397 40 42
0 212 377 40 42
4 331 467 40 42
4 222 464 40 42
4 315 53 40 42
4 631 398 40 42
4 627 434 40 42
4 617 320 40 42
11 306 337 40 42
