9 388 260 40 42
9 497 97 40 42
9 309 124 40 42
9 185 358 40 42
6 260 282 40 42
6 135 261 40 42
5 557 57 40 42
5 222 420 40 42
6 95 406 40 42
0 347 384 40 42
0 392 408 40 42
2 617 195 40 42
0 530 176 40 42
2 149 333 40 42
0 446 72 40 42
0 530 85 40 42
11 590 143 40 42
0 431 229 40 42
0 462 204 40 42
0 517 142 40 42
0 570 106 40 42
11 435 148 40 42
5 170 218 40 42
5 230 247 40 42
5 385 181 40 42
0 201 26 40 42
0 148 63 40 42
0 25 58 40 42
6 41 209 40 42
0 81 210 40 42
0 80 362 40 42
11 153 430 40 42
0 114 452 40 42
6 288 206 40 42
0 375 298 40 42
0 339 254 40 42
0 179 122 40 42
0 195 160 40 42
0 230 198 40 42
11 284 158 40 42
0 351 117 40 42
0 395 105 40 42
0 139 298 40 42
11 265 433 40 42
0 476 275 40 42
0 513 251 40 42
0 590 254 40 42
0 312 432 40 42
0 394 345 40 42
0 607 336 40 42
