5 299 411 40 42
5 363 382 40 42
5 361 334 40 42
5 321 370 40 42
5 449 394 40 42
5 502 347 40 42
5 143 447 40 42
5 189 422 40 42
5 181 380 40 42
5 225 332 40 42
5 174 281 40 42
5 265 310 40 42
5 375 131 40 42
5 374 87 40 42
5 404 43 40 42
5 424 102 40 42
5 416 150 40 42
5 450 69 40 42
5 450 192 40 42
5 532 235 40 42
5 572 157 40 42
5 565 195 40 42
5 86 73 40 42
5 252 75 40 42
5 277 121 40 42
0 320 135 40 42
0 182 76 40 42
0 83 132 40 42
0 463 254 40 42
11 410 361 40 42
5 95 389 40 42
0 23 332 40 42
0 542 22 40 42
5 443 17 40 42
0 381 435 40 42
0 440 447 40 42
