5 117 411 40 42
5 100 352 40 42
5 34 357 40 42
5 66 284 40 42
5 136 329 40 42
5 112 280 40 42
5 140 245 40 42
5 31 249 40 42
5 76 205 40 42
5 24 207 40 42
5 27 159 40 42
5 66 82 40 42
5 93 111 40 42
5 131 102 40 42
5 157 77 40 42
5 202 85 40 42
5 221 274 40 42
5 206 173 40 42
5 166 154 40 42
5 358 140 40 42
5 366 89 40 42
5 429 103 40 42
5 386 204 40 42
5 345 185 40 42
5 435 234 40 42
5 488 210 40 42
5 450 166 40 42
5 409 400 40 42
5 373 460 40 42
5 314 341 40 42
5 397 349 40 42
5 314 285 40 42
5 266 258 40 42
5 279 379 40 42
5 290 432 40 42
5 538 143 40 42
5 550 101 40 42
5 546 63 40 42
5 487 128 40 42
5 514 82 40 42
5 608 169 40 42
5 623 316 40 42
5 591 367 40 42
5 561 442 40 42
5 467 338 40 42
5 130 202 40 42
0 275 318 40 42
6 240 212 40 42
0 227 129 40 42
5 38 127 40 42
11 200 426 40 42
11 543 236 40 42
0 227 350 40 42
