5 135 420 40 42
5 61 354 40 42
5 17 378 40 42
5 29 279 40 42
5 70 255 40 42
5 24 238 40 42
5 10 163 40 42
5 231 287 40 42
5 197 250 40 42
5 150 360 40 42
5 250 353 40 42
5 392 279 40 42
5 457 248 40 42
9 402 120 40 42
5 187 152 40 42
5 34 86 40 42
5 34 17 40 42
5 107 40 40 42
5 187 109 40 42
5 299 401 40 42
5 299 452 40 42
5 258 435 40 42
5 296 329 40 42
5 623 215 40 42
5 550 131 40 42
5 601 92 40 42
5 621 37 40 42
5 553 30 40 42
5 69 408 40 42
5 104 335 40 42
5 57 314 40 42
5 436 436 40 42
5 497 457 40 42
5 532 367 40 42
5 437 295 40 42
5 503 310 40 42
5 455 345 40 42
