5 327 450 40 42
5 351 399 40 42
5 392 402 40 42
5 203 429 40 42
5 534 355 40 42
5 540 397 40 42
5 507 428 40 42
5 109 446 40 42
5 205 322 40 42
5 139 202 40 42
5 180 215 40 42
5 325 215 40 42
5 278 104 40 42
5 58 139 40 42
5 330 30 40 42
5 368 67 40 42
5 411 12 40 42
5 502 89 40 42
5 494 185 40 42
5 554 154 40 42
5 491 135 40 42
5 588 236 40 42
5 592 340 40 42
5 294 349 40 42
9 90 154 40 42
3 298 37 40 42
6 431 360 40 42
4 57 296 40 42
4 191 49 40 42
5 243 401 40 42
5 298 393 40 42
5 322 310 40 42
5 330 167 40 42
5 52 342 40 42
5 25 379 40 42
5 21 17 40 42
5 112 14 40 42
5 162 166 40 42
5 305 258 40 42
5 341 273 40 42
5 380 247 40 42
5 374 292 40 42
5 426 276 40 42
4 521 239 40 42
5 606 91 40 42
5 612 145 40 42
11 213 175 40 42
4 248 136 40 42
0 434 182 40 42
11 569 201 40 42
5 612 420 40 42
5 543 300 40 42
5 156 400 40 42
5 116 366 40 42
5 77 192 40 42
5 172 358 40 42
5 118 304 40 42
