5 275 442 40 42
5 370 454 40 42
5 439 453 40 42
5 480 427 40 42
5 510 379 40 42
5 542 305 40 42
5 380 229 40 42
5 210 55 40 42
5 37 237 40 42
5 40 68 40 42
5 585 47 40 42
5 590 14 40 42
5 436 69 40 42
5 519 45 40 42
5 361 135 40 42
5 292 114 40 42
5 246 112 40 42
5 213 180 40 42
7 141 235 40 42
5 462 355 40 42
5 479 204 40 42
5 363 417 40 42
11 235 420 40 42
5 47 452 40 42
5 87 406 40 42
5 132 448 40 42
5 100 211 40 42
5 180 147 40 42
5 262 193 40 42
5 218 225 40 42
5 399 195 40 42
5 419 161 40 42
5 401 53 40 42
5 255 69 40 42
5 196 16 40 42
5 629 105 40 42
5 509 232 40 42
5 397 277 40 42
5 355 270 40 42
5 310 143 40 42
11 173 259 40 42
5 256 289 40 42
5 223 331 40 42
5 315 251 40 42
5 361 310 40 42
5 433 310 40 42
5 548 93 40 42
5 158 36 40 42
11 111 41 40 42
5 17 131 40 42
0 98 151 40 42
0 53 112 40 42
5 150 89 40 42
5 101 104 40 42
5 194 97 40 42
0 73 260 40 42
0 276 247 40 42
0 307 385 40 42
0 347 380 40 42
0 400 383 40 42
0 427 256 40 42
0 485 312 40 42
0 175 349 40 42
0 121 355 40 42
0 120 308 40 42
5 337 195 40 42
0 586 95 40 42
0 615 42 40 42
0 613 144 40 42
0 555 200 40 42
0 521 170 40 42
0 491 122 40 42
5 597 181 40 42
5 475 77 40 42
5 448 110 40 42
0 403 102 40 42
0 318 325 40 42
0 285 345 40 42
11 40 370 40 42
0 168 302 40 42
0 420 347 40 42
5 543 353 40 42
10 446 412 40 42
2 495 269 40 42
0 607 290 40 42
0 524 276 40 42
5 574 273 40 42
0 513 423 40 42
0 588 392 40 42
0 603 338 40 42
0 576 333 40 42
0 550 427 40 42
0 593 445 40 42
0 475 389 40 42
6 170 457 40 42
