4 197 53 40 42
4 57 295 40 42
6 424 363 40 42
5 329 444 40 42
5 346 382 40 42
5 204 427 40 42
5 540 347 40 42
5 595 336 40 42
5 515 237 40 42
5 571 194 40 42
5 548 150 40 42
5 610 22 40 42
5 509 85 40 42
5 368 68 40 42
5 420 9 40 42
5 343 26 40 42
3 295 34 40 42
5 59 139 40 42
5 187 219 40 42
5 272 108 40 42
5 27 12 40 42
5 110 3 40 42
5 26 376 40 42
5 47 340 40 42
5 301 344 40 42
5 242 399 40 42
5 300 398 40 42
5 394 396 40 42
5 612 420 40 42
5 537 395 40 42
5 583 238 40 42
3 416 455 40 42
6 155 458 40 42
0 465 57 40 42
0 498 38 40 42
0 545 57 40 42
0 616 136 40 42
0 609 93 40 42
0 436 180 40 42
0 393 112 40 42
11 423 222 40 42
5 327 210 40 42
5 326 171 40 42
5 426 278 40 42
5 375 288 40 42
5 310 250 40 42
5 318 306 40 42
5 209 320 40 42
5 159 395 40 42
5 499 135 40 42
4 248 144 40 42
9 92 155 40 42
0 135 39 40 42
0 119 70 40 42
0 18 57 40 42
5 142 203 40 42
5 157 163 40 42
5 108 445 40 42
5 342 272 40 42
5 373 244 40 42
11 509 427 40 42
0 359 343 40 42
0 86 188 40 42
0 98 260 40 42
0 173 277 40 42
5 115 302 40 42
0 197 100 40 42
5 538 299 40 42
5 485 182 40 42
5 266 457 40 42
5 119 365 40 42
5 171 357 40 42
0 92 396 40 42
0 25 452 40 42
0 242 230 40 42
0 216 256 40 42
0 274 245 40 42
0 278 422 40 42
11 207 166 40 42
