0 158 440 40 42
0 212 430 40 42
0 235 395 40 42
0 148 396 40 42
0 90 367 40 42
0 141 307 40 42
8 434 224 40 42
6 460 337 40 42
6 536 433 40 42
6 219 232 40 42
6 570 160 40 42
6 475 436 40 42
0 35 441 40 42
0 39 324 40 42
0 17 275 40 42
0 91 231 40 42
0 42 212 40 42
0 10 188 40 42
0 35 138 40 42
0 33 83 40 42
0 31 19 40 42
0 90 34 40 42
0 76 68 40 42
0 86 101 40 42
0 106 119 40 42
0 121 162 40 42
0 152 117 40 42
0 141 89 40 42
0 170 12 40 42
0 193 26 40 42
0 240 28 40 42
0 259 55 40 42
0 272 14 40 42
0 245 85 40 42
0 231 126 40 42
0 248 163 40 42
0 205 168 40 42
0 162 161 40 42
0 148 199 40 42
0 159 247 40 42
0 111 275 40 42
6 285 184 40 42
0 296 142 40 42
0 337 89 40 42
0 343 67 40 42
0 365 32 40 42
0 402 39 40 42
0 434 75 40 42
0 442 21 40 42
0 485 60 40 42
0 485 87 40 42
0 554 59 40 42
0 588 39 40 42
0 595 89 40 42
0 627 55 40 42
0 612 172 40 42
6 475 130 40 42
0 438 142 40 42
0 403 179 40 42
0 374 95 40 42
0 311 205 40 42
0 219 279 40 42
0 208 313 40 42
0 254 308 40 42
0 343 266 40 42
0 336 312 40 42
0 414 277 40 42
0 427 246 40 42
0 472 266 40 42
0 500 203 40 42
0 496 260 40 42
0 529 254 40 42
0 549 213 40 42
0 542 188 40 42
0 584 228 40 42
0 612 218 40 42
0 619 255 40 42
0 618 296 40 42
0 559 320 40 42
0 497 321 40 42
0 427 349 40 42
0 446 369 40 42
0 390 381 40 42
0 331 377 40 42
0 274 455 40 42
0 316 462 40 42
0 198 466 40 42
0 479 393 40 42
0 517 400 40 42
0 534 356 40 42
6 573 386 40 42
0 586 430 40 42
0 508 459 40 42
0 587 351 40 42
0 610 334 40 42
0 635 330 40 42
0 103 464 40 42
0 9 403 40 42
6 422 444 40 42
2 309 55 40 42
0 414 320 40 42
6 520 142 40 42
6 67 278 40 42
0 381 302 40 42
0 276 267 40 42
6 310 421 40 42
0 619 394 40 42
0 128 362 40 42
0 160 58 40 42
0 186 210 40 42
0 243 241 40 42
0 350 190 40 42
0 364 229 40 42
0 611 136 40 42
0 351 346 40 42
6 199 367 40 42
0 176 335 40 42
