3 120 79 40 42
3 377 85 40 42
3 131 301 40 42
3 552 100 40 42
4 69 39 40 42
4 56 72 40 42
4 48 107 40 42
4 37 137 40 42
4 95 124 40 42
4 124 151 40 42
4 125 193 40 42
4 46 276 40 42
4 95 295 40 42
4 244 223 40 42
4 221 182 40 42
4 199 144 40 42
4 232 89 40 42
4 193 91 40 42
4 183 51 40 42
4 253 37 40 42
4 324 61 40 42
4 344 106 40 42
9 361 134 40 42
4 385 432 40 42
4 341 437 40 42
4 400 342 40 42
4 322 313 40 42
4 307 244 40 42
4 302 209 40 42
4 443 180 40 42
4 454 140 40 42
4 444 103 40 42
4 407 133 40 42
4 445 64 40 42
4 430 28 40 42
4 602 116 40 42
4 548 392 40 42
4 509 417 40 42
4 549 439 40 42
4 462 399 40 42
4 441 430 40 42
4 480 451 40 42
4 466 332 40 42
4 507 317 40 42
4 435 320 40 42
4 450 260 40 42
4 381 234 40 42
4 121 329 40 42
4 62 383 40 42
4 63 339 40 42
4 38 329 40 42
4 267 262 40 42
4 570 30 40 42
4 487 16 40 42
4 478 101 40 42
4 622 281 40 42
4 618 321 40 42
4 610 366 40 42
11 167 291 40 42
11 177 426 40 42
4 201 334 40 42
0 302 356 40 42
4 364 302 40 42
4 423 240 40 42
4 369 335 40 42
4 270 140 40 42
11 226 292 40 42
0 464 45 40 42
3 161 121 40 42
0 428 291 40 42
3 154 358 40 42
3 122 390 40 42
3 432 350 40 42
3 355 389 40 42
3 233 137 40 42
3 306 107 40 42
3 476 197 40 42
0 213 39 40 42
4 550 140 40 42
4 519 180 40 42
4 494 172 40 42
4 517 134 40 42
3 380 202 40 42
0 248 407 40 42
0 185 370 40 42
0 215 386 40 42
4 264 447 40 42
3 290 417 40 42
4 593 70 40 42
11 107 222 40 42
4 127 266 40 42
4 185 239 40 42
11 450 219 40 42
7 272 180 40 42
11 9 215 40 42
