5 364 430 40 42
5 379 326 40 42
5 316 371 40 42
5 152 262 40 42
5 123 219 40 42
5 70 307 40 42
5 9 333 40 42
5 229 212 40 42
5 316 137 40 42
5 265 111 40 42
5 184 94 40 42
5 238 27 40 42
5 388 146 40 42
5 415 129 40 42
5 341 57 40 42
5 367 90 40 42
5 547 183 40 42
5 618 179 40 42
5 595 87 40 42
5 637 85 40 42
5 562 14 40 42
5 546 69 40 42
5 562 239 40 42
5 530 270 40 42
5 418 247 40 42
5 365 234 40 42
5 347 187 40 42
5 279 180 40 42
5 289 455 40 42
5 250 453 40 42
5 45 408 40 42
5 426 453 40 42
5 574 327 40 42
5 531 140 40 42
5 486 138 40 42
5 446 420 40 42
5 500 432 40 42
5 520 385 40 42
5 225 412 40 42
0 507 18 40 42
0 464 21 40 42
0 424 64 40 42
0 592 124 40 42
0 451 172 40 42
0 476 282 40 42
5 435 314 40 42
5 268 325 40 42
5 402 403 40 42
5 205 343 40 42
11 240 285 40 42
11 310 241 40 42
11 367 368 40 42
5 622 313 40 42
5 481 353 40 42
0 174 184 40 42
0 160 128 40 42
0 220 127 40 42
0 41 132 40 42
0 77 21 40 42
0 49 33 40 42
0 47 84 40 42
0 51 190 40 42
0 20 229 40 42
0 99 187 40 42
0 70 270 40 42
0 67 237 40 42
0 112 340 40 42
0 59 449 40 42
0 81 427 40 42
0 127 445 40 42
9 151 299 40 42
5 475 226 40 42
5 355 284 40 42
