5 270 427 40 42
5 241 400 40 42
5 214 312 40 42
5 274 329 40 42
5 363 367 40 42
5 385 294 40 42
5 294 231 40 42
5 265 140 40 42
5 264 191 40 42
5 390 186 40 42
5 355 120 40 42
5 160 222 40 42
5 54 282 40 42
5 95 270 40 42
5 60 368 40 42
5 106 368 40 42
5 55 425 40 42
5 100 452 40 42
5 415 110 40 42
5 393 69 40 42
5 330 78 40 42
5 283 85 40 42
5 244 96 40 42
5 184 87 40 42
5 110 73 40 42
5 82 117 40 42
5 139 115 40 42
5 180 158 40 42
5 27 153 40 42
5 70 166 40 42
5 17 193 40 42
5 242 229 40 42
5 301 284 40 42
4 207 265 40 42
5 426 451 40 42
5 503 211 40 42
5 480 112 40 42
5 553 33 40 42
5 422 50 40 42
5 521 72 40 42
5 587 84 40 42
5 559 276 40 42
5 595 305 40 42
5 596 376 40 42
5 628 402 40 42
5 315 24 40 42
5 350 44 40 42
5 307 168 40 42
5 83 233 40 42
5 462 215 40 42
0 597 174 40 42
0 584 238 40 42
0 547 218 40 42
0 471 260 40 42
0 426 288 40 42
6 524 132 40 42
6 422 192 40 42
0 94 22 40 42
0 132 189 40 42
6 225 162 40 42
6 309 394 40 42
0 467 50 40 42
0 199 10 40 42
0 207 56 40 42
0 47 244 40 42
0 199 200 40 42
0 127 288 40 42
0 181 299 40 42
0 139 385 40 42
0 16 365 40 42
0 337 437 40 42
0 375 432 40 42
0 442 409 40 42
0 410 355 40 42
0 402 326 40 42
0 348 217 40 42
5 383 255 40 42
5 482 353 40 42
5 517 388 40 42
0 549 324 40 42
0 497 322 40 42
0 612 343 40 42
0 519 430 40 42
0 478 437 40 42
9 549 442 40 42
0 512 175 40 42
0 541 170 40 42
4 209 119 40 42
