5 94 433 40 42
5 46 397 40 42
5 56 357 40 42
5 269 199 40 42
0 532 183 40 42
0 559 215 40 42
0 492 251 40 42
6 557 44 40 42
0 433 7 40 42
0 295 66 40 42
0 258 18 40 42
0 244 67 40 42
5 492 26 40 42
5 510 84 40 42
5 447 146 40 42
5 417 111 40 42
5 426 57 40 42
5 390 162 40 42
5 437 197 40 42
5 405 220 40 42
5 334 212 40 42
5 371 248 40 42
5 418 260 40 42
5 227 246 40 42
5 218 343 40 42
5 193 374 40 42
5 310 375 40 42
5 332 332 40 42
5 337 293 40 42
5 404 332 40 42
5 400 397 40 42
5 368 451 40 42
5 454 442 40 42
5 472 409 40 42
5 497 374 40 42
5 500 340 40 42
5 485 305 40 42
5 521 324 40 42
5 578 292 40 42
5 604 233 40 42
5 614 338 40 42
5 587 383 40 42
5 569 436 40 42
5 514 460 40 42
5 487 128 40 42
5 544 118 40 42
5 359 76 40 42
5 341 36 40 42
5 200 87 40 42
5 104 101 40 42
5 182 25 40 42
5 39 8 40 42
5 36 89 40 42
5 111 156 40 42
5 41 259 40 42
5 44 310 40 42
5 292 247 40 42
5 289 156 40 42
5 262 131 40 42
5 203 181 40 42
5 169 130 40 42
9 60 214 40 42
5 115 345 40 42
6 66 37 40 42
6 509 424 40 42
0 546 381 40 42
5 266 330 40 42
5 211 302 40 42
5 141 212 40 42
0 110 231 40 42
5 155 89 40 42
5 19 147 40 42
5 19 51 40 42
0 165 422 40 42
0 243 402 40 42
0 292 436 40 42
0 363 375 40 42
