3 105 103 40 42
6 90 375 40 42
0 52 232 40 42
2 612 339 40 42
5 602 75 40 42
5 570 177 40 42
5 613 148 40 42
5 499 85 40 42
5 503 53 40 42
5 475 27 40 42
5 436 25 40 42
5 377 32 40 42
5 354 91 40 42
5 377 149 40 42
5 435 132 40 42
5 482 170 40 42
5 408 217 40 42
5 369 274 40 42
5 442 272 40 42
5 292 217 40 42
6 277 182 40 42
5 236 79 40 42
5 266 20 40 42
5 145 76 40 42
5 162 30 40 42
5 310 84 40 42
5 315 138 40 42
5 186 263 40 42
5 158 306 40 42
5 88 316 40 42
5 47 280 40 42
5 217 343 40 42
5 204 384 40 42
5 161 362 40 42
5 251 328 40 42
5 287 260 40 42
5 222 198 40 42
5 236 156 40 42
5 349 337 40 42
5 405 318 40 42
5 319 338 40 42
5 300 385 40 42
5 246 390 40 42
5 327 409 40 42
5 365 375 40 42
5 436 415 40 42
5 537 407 40 42
5 359 446 40 42
5 301 449 40 42
5 200 432 40 42
5 583 318 40 42
5 579 230 40 42
5 595 272 40 42
5 507 227 40 42
5 578 366 40 42
5 582 418 40 42
5 624 385 40 42
0 212 30 40 42
0 137 268 40 42
11 112 146 40 42
0 207 300 40 42
0 313 297 40 42
0 334 183 40 42
0 412 91 40 42
0 518 128 40 42
0 559 101 40 42
0 529 289 40 42
0 465 221 40 42
0 503 456 40 42
0 582 465 40 42
0 72 443 40 42
0 126 448 40 42
0 157 456 40 42
11 7 227 40 42
11 21 144 40 42
0 50 32 40 42
0 111 7 40 42
5 68 72 40 42
5 12 59 40 42
5 10 436 40 42
