5 23 382 40 42
5 44 348 40 42
5 69 302 40 42
5 215 446 40 42
5 207 390 40 42
5 215 345 40 42
5 365 319 40 42
5 351 382 40 42
5 428 189 40 42
4 371 142 40 42
5 259 426 40 42
5 77 402 40 42
5 180 295 40 42
5 200 250 40 42
5 197 194 40 42
5 195 150 40 42
5 389 361 40 42
5 408 452 40 42
5 474 370 40 42
5 486 262 40 42
5 592 285 40 42
5 557 234 40 42
5 513 202 40 42
5 516 369 40 42
5 571 445 40 42
0 514 110 40 42
0 578 85 40 42
0 477 14 40 42
0 419 63 40 42
0 531 35 40 42
5 376 69 40 42
0 504 151 40 42
0 430 122 40 42
0 543 130 40 42
5 605 244 40 42
5 328 285 40 42
5 281 237 40 42
5 227 282 40 42
5 277 328 40 42
0 430 347 40 42
5 49 443 40 42
0 176 417 40 42
0 110 434 40 42
0 114 174 40 42
0 34 184 40 42
0 97 32 40 42
0 312 71 40 42
0 265 21 40 42
0 344 7 40 42
0 264 115 40 42
5 213 79 40 42
5 237 182 40 42
5 250 369 40 42
5 378 222 40 42
5 118 257 40 42
5 286 122 40 42
0 470 308 40 42
0 525 330 40 42
0 602 362 40 42
0 577 395 40 42
5 626 422 40 42
5 479 434 40 42
5 383 423 40 42
0 557 175 40 42
0 581 210 40 42
0 331 235 40 42
4 395 30 40 42
4 65 63 40 42
0 20 224 40 42
0 15 67 40 42
