5 260 420 40 42
5 308 425 40 42
5 353 455 40 42
5 407 430 40 42
5 430 369 40 42
5 475 349 40 42
5 519 391 40 42
5 537 440 40 42
5 619 407 40 42
5 554 259 40 42
5 468 257 40 42
5 505 239 40 42
5 524 174 40 42
5 587 199 40 42
5 317 168 40 42
5 335 289 40 42
5 266 229 40 42
4 98 247 40 42
5 34 436 40 42
5 12 393 40 42
5 163 261 40 42
5 148 308 40 42
5 83 171 40 42
5 25 156 40 42
5 185 112 40 42
5 435 152 40 42
5 448 61 40 42
5 391 43 40 42
5 456 113 40 42
4 451 17 40 42
5 563 27 40 42
5 369 320 40 42
5 233 317 40 42
5 324 249 40 42
5 124 171 40 42
5 188 48 40 42
5 132 405 40 42
5 178 417 40 42
5 215 438 40 42
5 219 78 40 42
11 43 123 40 42
0 232 271 40 42
5 80 299 40 42
6 174 339 40 42
0 283 382 40 42
0 218 358 40 42
5 311 336 40 42
0 357 363 40 42
11 390 386 40 42
5 368 209 40 42
0 210 176 40 42
0 257 128 40 42
5 80 32 40 42
5 26 74 40 42
5 67 73 40 42
0 373 102 40 42
11 146 218 40 42
0 28 300 40 42
11 413 238 40 42
0 399 294 40 42
0 504 79 40 42
5 548 85 40 42
5 495 211 40 42
0 478 444 40 42
11 596 72 40 42
