5 21 407 40 42
5 61 391 40 42
3 40 333 40 42
3 37 358 40 42
5 146 427 40 42
5 147 348 40 42
5 154 287 40 42
5 207 276 40 42
5 185 322 40 42
5 155 245 40 42
5 193 215 40 42
5 243 247 40 42
5 167 193 40 42
5 43 284 40 42
5 86 249 40 42
5 255 458 40 42
5 340 423 40 42
5 335 382 40 42
5 409 305 40 42
5 387 430 40 42
6 441 342 40 42
5 482 430 40 42
5 519 456 40 42
5 546 253 40 42
5 511 140 40 42
5 457 178 40 42
5 383 196 40 42
5 248 200 40 42
6 260 276 40 42
5 565 399 40 42
5 539 356 40 42
5 408 241 40 42
5 450 222 40 42
5 91 112 40 42
5 168 69 40 42
5 126 75 40 42
5 296 98 40 42
5 262 63 40 42
5 414 95 40 42
4 406 130 40 42
5 611 454 40 42
5 604 255 40 42
5 553 185 40 42
5 523 45 40 42
5 173 110 40 42
5 262 150 40 42
6 313 141 40 42
11 578 39 40 42
0 476 63 40 42
0 549 126 40 42
0 575 87 40 42
0 326 175 40 42
0 349 83 40 42
0 434 46 40 42
0 225 47 40 42
0 215 10 40 42
0 109 27 40 42
5 141 144 40 42
0 41 188 40 42
6 78 200 40 42
0 101 338 40 42
11 66 432 40 42
0 217 431 40 42
0 236 391 40 42
5 248 331 40 42
5 326 304 40 42
0 410 384 40 42
0 376 362 40 42
0 314 338 40 42
5 487 350 40 42
5 510 305 40 42
11 445 282 40 42
0 501 236 40 42
