5 270 434 40 42
5 112 380 40 42
5 87 418 40 42
5 46 458 40 42
5 170 374 40 42
5 152 300 40 42
5 97 260 40 42
5 30 212 40 42
5 236 120 40 42
5 258 165 40 42
5 309 77 40 42
5 335 187 40 42
5 310 123 40 42
5 373 140 40 42
5 402 95 40 42
5 394 58 40 42
5 515 60 40 42
5 447 67 40 42
5 569 81 40 42
5 577 274 40 42
5 600 375 40 42
5 468 306 40 42
5 436 335 40 42
5 387 412 40 42
5 346 380 40 42
5 298 273 40 42
5 262 389 40 42
5 266 347 40 42
5 347 345 40 42
5 416 384 40 42
5 543 35 40 42
5 614 77 40 42
5 345 42 40 42
5 265 18 40 42
5 195 40 40 42
4 178 113 40 42
4 130 219 40 42
5 17 360 40 42
5 229 458 40 42
5 193 467 40 42
5 589 174 40 42
5 573 216 40 42
5 621 334 40 42
5 205 251 40 42
0 72 44 40 42
0 235 80 40 42
0 101 144 40 42
0 175 196 40 42
0 215 167 40 42
0 20 402 40 42
0 58 375 40 42
0 191 325 40 42
11 124 445 40 42
0 325 306 40 42
0 338 450 40 42
0 427 155 40 42
0 532 110 40 42
0 513 386 40 42
0 553 399 40 42
11 47 174 40 42
5 504 164 40 42
5 467 214 40 42
0 116 330 40 42
