5 396 451 40 42
5 343 423 40 42
5 340 362 40 42
5 491 372 40 42
5 490 285 40 42
5 383 328 40 42
5 422 315 40 42
5 534 351 40 42
5 542 280 40 42
5 586 223 40 42
5 584 160 40 42
5 557 107 40 42
5 509 147 40 42
5 475 118 40 42
5 520 95 40 42
5 479 53 40 42
5 441 85 40 42
9 142 350 40 42
5 163 207 40 42
5 198 183 40 42
5 180 115 40 42
5 208 68 40 42
5 314 66 40 42
5 299 133 40 42
5 374 48 40 42
5 128 37 40 42
5 620 65 40 42
5 372 255 40 42
5 361 226 40 42
5 201 351 40 42
5 501 408 40 42
2 588 324 40 42
11 30 441 40 42
0 512 188 40 42
0 55 131 40 42
11 98 56 40 42
11 257 42 40 42
0 278 256 40 42
11 457 404 40 42
3 106 118 40 42
3 128 101 40 42
0 221 315 40 42
0 30 285 40 42
5 511 25 40 42
5 230 387 40 42
5 201 440 40 42
5 39 325 40 42
5 155 256 40 42
5 164 298 40 42
5 338 15 40 42
5 604 395 40 42
5 410 399 40 42
5 451 358 40 42
0 72 428 40 42
11 156 416 40 42
5 110 390 40 42
5 280 332 40 42
5 530 438 40 42
5 621 169 40 42
11 410 230 40 42
5 417 42 40 42
0 108 164 40 42
0 407 156 40 42
