5 181 355 40 42
5 178 400 40 42
5 195 312 40 42
5 291 295 40 42
5 256 389 40 42
5 257 341 40 42
5 381 383 40 42
5 335 370 40 42
5 465 367 40 42
5 489 338 40 42
5 529 363 40 42
5 479 285 40 42
5 371 200 40 42
5 382 130 40 42
5 398 172 40 42
5 465 164 40 42
5 103 95 40 42
5 215 133 40 42
5 233 87 40 42
5 133 324 40 42
5 63 140 40 42
5 92 184 40 42
5 68 42 40 42
5 106 25 40 42
5 239 15 40 42
5 400 440 40 42
5 262 451 40 42
5 577 458 40 42
5 169 277 40 42
5 179 26 40 42
5 432 17 40 42
5 21 59 40 42
5 142 242 40 42
5 627 148 40 42
5 543 68 40 42
5 556 100 40 42
5 506 88 40 42
5 524 142 40 42
5 525 233 40 42
5 368 257 40 42
5 317 269 40 42
5 290 416 40 42
5 56 347 40 42
5 223 430 40 42
0 82 234 40 42
0 68 405 40 42
0 136 427 40 42
0 98 464 40 42
0 548 190 40 42
0 580 359 40 42
0 32 213 40 42
0 266 114 40 42
11 479 35 40 42
11 613 184 40 42
11 471 219 40 42
5 179 155 40 42
4 136 191 40 42
4 335 61 40 42
0 228 234 40 42
5 307 145 40 42
11 373 89 40 42
0 582 154 40 42
0 592 308 40 42
0 324 223 40 42
5 444 197 40 42
