3 223 87 40 42
3 502 261 40 42
3 470 219 40 42
3 580 263 40 42
3 481 436 40 42
9 298 362 40 42
9 315 432 40 42
3 104 436 40 42
4 130 355 40 42
4 112 388 40 42
4 90 335 40 42
4 59 348 40 42
4 163 256 40 42
4 193 326 40 42
4 157 370 40 42
4 202 376 40 42
4 270 427 40 42
4 247 374 40 42
4 255 335 40 42
4 294 314 40 42
4 263 274 40 42
4 226 284 40 42
4 189 220 40 42
4 108 224 40 42
4 72 200 40 42
4 51 275 40 42
4 124 154 40 42
4 59 128 40 42
4 144 107 40 42
4 36 90 40 42
4 62 65 40 42
4 126 47 40 42
4 215 50 40 42
4 272 29 40 42
4 232 12 40 42
4 399 401 40 42
4 480 393 40 42
4 434 437 40 42
4 522 377 40 42
4 547 458 40 42
4 566 430 40 42
4 604 426 40 42
4 611 397 40 42
4 587 357 40 42
4 562 309 40 42
4 541 278 40 42
4 549 228 40 42
4 590 229 40 42
4 620 263 40 42
4 625 306 40 42
4 605 170 40 42
4 556 124 40 42
4 578 87 40 42
4 257 192 40 42
4 286 147 40 42
4 252 128 40 42
4 284 80 40 42
4 355 93 40 42
4 310 211 40 42
4 347 237 40 42
4 385 269 40 42
4 431 257 40 42
4 416 166 40 42
4 470 287 40 42
4 465 327 40 42
4 379 34 40 42
4 402 63 40 42
4 610 26 40 42
4 629 105 40 42
6 362 353 40 42
11 45 427 40 42
11 513 420 40 42
11 162 415 40 42
4 312 405 40 42
4 223 434 40 42
4 342 449 40 42
4 389 459 40 42
4 462 462 40 42
4 519 185 40 42
9 180 128 40 42
4 88 153 40 42
4 9 212 40 42
4 6 250 40 42
4 136 456 40 42
11 174 50 40 42
3 448 157 40 42
4 456 362 40 42
4 421 367 40 42
4 395 245 40 42
4 399 219 40 42
4 472 105 40 42
11 443 117 40 42
6 560 174 40 42
9 150 24 40 42
9 80 20 40 42
10 122 296 40 42
10 24 306 40 42
