5 404 16 40 42
5 459 20 40 42
5 447 85 40 42
5 400 82 40 42
5 351 104 40 42
5 322 40 40 42
5 196 45 40 42
5 85 139 40 42
5 62 38 40 42
5 96 13 40 42
5 71 86 40 42
5 112 101 40 42
5 159 130 40 42
5 234 152 40 42
5 209 129 40 42
5 315 183 40 42
5 283 155 40 42
5 119 199 40 42
5 55 257 40 42
5 14 239 40 42
5 493 48 40 42
5 563 42 40 42
4 448 360 40 42
4 555 87 40 42
4 560 5 40 42
4 446 209 40 42
4 446 131 40 42
5 118 365 40 42
5 95 441 40 42
5 272 323 40 42
5 241 403 40 42
5 258 364 40 42
5 346 389 40 42
5 300 432 40 42
5 376 348 40 42
5 382 306 40 42
5 369 262 40 42
5 470 318 40 42
5 604 288 40 42
5 627 366 40 42
5 590 340 40 42
5 562 205 40 42
5 538 169 40 42
5 521 130 40 42
5 475 166 40 42
5 243 11 40 42
0 265 277 40 42
0 370 221 40 42
0 339 138 40 42
0 426 454 40 42
0 427 407 40 42
11 57 412 40 42
5 452 266 40 42
5 266 103 40 42
0 217 452 40 42
0 359 40 40 42
11 144 21 40 42
11 141 67 40 42
0 482 97 40 42
0 137 259 40 42
11 54 305 40 42
5 87 332 40 42
5 308 370 40 42
11 534 250 40 42
11 608 195 40 42
11 613 20 40 42
0 158 407 40 42
5 47 207 40 42
5 45 144 40 42
5 268 45 40 42
5 325 292 40 42
5 225 244 40 42
5 360 441 40 42
