5 423 411 40 42
5 395 443 40 42
5 442 450 40 42
5 319 377 40 42
5 290 345 40 42
5 342 308 40 42
5 305 261 40 42
5 169 261 40 42
5 129 276 40 42
5 100 312 40 42
5 100 242 40 42
5 181 191 40 42
5 122 203 40 42
5 45 204 40 42
5 31 163 40 42
5 201 171 40 42
5 235 257 40 42
5 201 228 40 42
5 162 395 40 42
5 13 440 40 42
5 63 410 40 42
5 429 329 40 42
5 469 289 40 42
5 387 225 40 42
5 332 163 40 42
5 312 108 40 42
5 284 69 40 42
5 197 69 40 42
5 138 60 40 42
5 399 79 40 42
5 372 174 40 42
5 511 240 40 42
5 555 99 40 42
5 547 42 40 42
5 492 27 40 42
5 621 99 40 42
5 586 219 40 42
5 613 251 40 42
5 617 299 40 42
5 570 314 40 42
5 486 357 40 42
5 522 304 40 42
11 507 435 40 42
6 494 201 40 42
5 513 153 40 42
5 487 122 40 42
5 495 74 40 42
5 364 30 40 42
5 301 35 40 42
5 90 45 40 42
5 112 25 40 42
5 221 116 40 42
5 280 182 40 42
5 424 116 40 42
5 407 160 40 42
0 55 292 40 42
11 166 138 40 42
11 338 211 40 42
6 564 142 40 42
6 360 389 40 42
11 391 347 40 42
6 268 229 40 42
11 233 195 40 42
11 375 127 40 42
5 413 264 40 42
11 207 425 40 42
