5 385 440 40 42
5 413 432 40 42
5 352 387 40 42
5 324 233 40 42
5 391 223 40 42
5 368 195 40 42
5 201 237 40 42
5 234 204 40 42
5 135 166 40 42
5 17 55 40 42
5 37 21 40 42
5 70 59 40 42
5 152 35 40 42
5 195 70 40 42
5 229 50 40 42
5 261 82 40 42
5 378 78 40 42
5 418 18 40 42
5 52 340 40 42
5 49 293 40 42
5 59 161 40 42
5 128 230 40 42
5 139 288 40 42
5 55 385 40 42
5 163 430 40 42
5 234 396 40 42
5 417 385 40 42
5 445 355 40 42
5 430 308 40 42
5 430 257 40 42
5 520 263 40 42
5 431 185 40 42
5 530 152 40 42
5 533 91 40 42
5 594 62 40 42
5 628 100 40 42
5 605 277 40 42
5 567 347 40 42
5 527 430 40 42
5 502 349 40 42
11 321 188 40 42
11 135 367 40 42
11 80 266 40 42
5 185 296 40 42
6 355 334 40 42
11 122 114 40 42
0 558 399 40 42
5 569 150 40 42
11 417 65 40 42
0 254 129 40 42
0 327 56 40 42
5 304 415 40 42
0 454 137 40 42
11 540 54 40 42
11 370 140 40 42
11 387 297 40 42
0 284 32 40 42
5 468 286 40 42
11 477 238 40 42
5 530 219 40 42
3 61 435 40 42
