3 120 248 40 42
3 566 137 40 42
3 570 109 40 42
11 56 206 40 42
5 91 437 40 42
5 58 380 40 42
5 34 333 40 42
5 12 442 40 42
5 137 425 40 42
5 107 390 40 42
5 165 395 40 42
5 223 385 40 42
5 252 422 40 42
5 135 297 40 42
5 36 258 40 42
5 35 118 40 42
5 100 130 40 42
5 353 322 40 42
5 293 220 40 42
5 242 250 40 42
5 275 168 40 42
5 317 116 40 42
5 349 138 40 42
5 400 135 40 42
5 375 176 40 42
5 377 220 40 42
5 387 93 40 42
5 413 55 40 42
5 367 22 40 42
5 466 54 40 42
5 489 20 40 42
5 533 63 40 42
5 587 20 40 42
5 617 80 40 42
5 442 107 40 42
5 514 138 40 42
5 572 216 40 42
5 622 229 40 42
5 618 328 40 42
5 459 415 40 42
5 463 362 40 42
5 438 339 40 42
5 464 277 40 42
5 473 456 40 42
5 505 405 40 42
5 540 362 40 42
5 210 135 40 42
5 160 44 40 42
5 197 336 40 42
5 243 350 40 42
5 275 383 40 42
6 355 269 40 42
11 391 352 40 42
11 485 200 40 42
11 581 338 40 42
11 75 287 40 42
11 84 85 40 42
11 77 168 40 42
11 234 184 40 42
11 311 287 40 42
11 236 318 40 42
11 375 452 40 42
0 200 89 40 42
0 134 81 40 42
0 483 248 40 42
5 398 413 40 42
5 605 384 40 42
