5 202 423 40 42
5 195 332 40 42
5 145 337 40 42
5 85 423 40 42
5 25 313 40 42
5 251 327 40 42
5 304 331 40 42
5 355 290 40 42
5 450 379 40 42
5 437 432 40 42
5 561 316 40 42
5 597 281 40 42
5 541 216 40 42
5 559 252 40 42
5 404 233 40 42
5 376 176 40 42
5 295 85 40 42
5 305 36 40 42
5 357 18 40 42
5 405 49 40 42
5 440 67 40 42
5 457 14 40 42
5 504 28 40 42
5 40 19 40 42
5 90 38 40 42
5 58 142 40 42
5 95 160 40 42
5 77 209 40 42
5 33 206 40 42
5 167 110 40 42
5 345 143 40 42
5 343 217 40 42
5 336 412 40 42
5 285 433 40 42
4 581 40 40 42
0 276 285 40 42
0 284 196 40 42
0 217 87 40 42
0 155 19 40 42
0 372 332 40 42
11 395 139 40 42
5 400 89 40 42
5 605 160 40 42
5 526 159 40 42
5 21 387 40 42
5 55 362 40 42
5 101 373 40 42
3 251 377 40 42
5 28 60 40 42
5 177 159 40 42
0 345 366 40 42
0 298 387 40 42
0 135 427 40 42
5 420 344 40 42
11 142 297 40 42
0 310 254 40 42
11 390 290 40 42
5 590 368 40 42
5 520 285 40 42
5 492 325 40 42
0 132 180 40 42
0 224 158 40 42
11 538 75 40 42
5 579 116 40 42
3 619 84 40 42
0 76 309 40 42
5 378 398 40 42
5 229 209 40 42
6 193 242 40 42
5 501 442 40 42
