0 114 420 40 42
11 547 172 40 42
11 345 174 40 42
5 131 461 40 42
5 181 447 40 42
5 158 385 40 42
5 233 427 40 42
5 265 397 40 42
5 238 353 40 42
5 335 371 40 42
5 314 253 40 42
5 140 127 40 42
5 134 61 40 42
5 111 14 40 42
5 198 32 40 42
5 15 144 40 42
5 205 197 40 42
5 361 126 40 42
5 402 140 40 42
5 494 87 40 42
5 357 78 40 42
5 347 24 40 42
5 446 89 40 42
5 562 82 40 42
5 511 48 40 42
5 590 137 40 42
5 430 195 40 42
11 399 303 40 42
5 393 437 40 42
5 609 330 40 42
5 577 281 40 42
5 254 294 40 42
5 305 204 40 42
5 32 237 40 42
0 271 127 40 42
5 125 168 40 42
5 89 187 40 42
5 438 34 40 42
5 541 19 40 42
5 597 50 40 42
5 300 152 40 42
5 54 347 40 42
5 192 90 40 42
5 410 257 40 42
5 395 22 40 42
5 415 369 40 42
0 73 244 40 42
0 520 205 40 42
0 347 286 40 42
0 367 340 40 42
0 153 270 40 42
0 196 312 40 42
11 219 262 40 42
0 241 92 40 42
5 89 87 40 42
0 506 152 40 42
0 285 365 40 42
