0 128 128 40 42
3 257 413 40 42
3 81 116 40 42
3 97 87 40 42
9 354 229 40 42
9 416 198 40 42
3 546 31 40 42
11 191 430 40 42
5 45 277 40 42
5 130 347 40 42
5 51 363 40 42
5 204 382 40 42
5 171 333 40 42
5 162 286 40 42
5 177 211 40 42
5 197 263 40 42
5 274 183 40 42
5 266 231 40 42
5 323 408 40 42
5 327 352 40 42
5 410 391 40 42
5 452 365 40 42
5 438 305 40 42
5 381 349 40 42
5 502 355 40 42
5 528 277 40 42
5 491 444 40 42
5 517 411 40 42
5 485 115 40 42
5 530 123 40 42
5 408 155 40 42
5 299 20 40 42
5 624 43 40 42
5 403 237 40 42
5 578 125 40 42
4 628 93 40 42
6 505 11 40 42
5 619 408 40 42
0 110 185 40 42
0 72 314 40 42
11 23 38 40 42
0 448 93 40 42
0 450 36 40 42
0 471 229 40 42
0 143 392 40 42
0 398 435 40 42
11 226 336 40 42
11 225 215 40 42
11 161 466 40 42
11 254 47 40 42
11 312 91 40 42
5 284 326 40 42
5 605 223 40 42
5 343 56 40 42
5 362 99 40 42
5 406 106 40 42
5 484 64 40 42
0 566 165 40 42
0 235 296 40 42
5 312 291 40 42
0 472 182 40 42
