11 191 454 40 42
5 28 443 40 42
5 79 405 40 42
5 103 442 40 42
5 95 354 40 42
5 47 342 40 42
5 45 391 40 42
5 202 379 40 42
5 420 433 40 42
5 335 423 40 42
5 472 415 40 42
5 475 375 40 42
5 520 460 40 42
5 260 361 40 42
5 191 266 40 42
5 94 230 40 42
5 211 178 40 42
5 207 218 40 42
5 247 209 40 42
5 395 177 40 42
5 353 379 40 42
5 473 249 40 42
5 479 176 40 42
5 511 121 40 42
5 443 107 40 42
5 66 55 40 42
5 71 120 40 42
5 373 41 40 42
5 375 100 40 42
5 285 117 40 42
5 181 113 40 42
5 633 258 40 42
5 603 191 40 42
5 562 180 40 42
5 583 129 40 42
5 309 356 40 42
5 391 233 40 42
5 296 157 40 42
5 177 32 40 42
5 334 295 40 42
11 576 275 40 42
11 541 363 40 42
11 566 403 40 42
11 417 273 40 42
0 354 150 40 42
0 537 95 40 42
0 482 46 40 42
5 439 50 40 42
5 580 21 40 42
11 515 214 40 42
5 450 324 40 42
0 375 310 40 42
0 237 299 40 42
0 127 274 40 42
0 29 270 40 42
0 143 427 40 42
6 557 318 40 42
11 322 26 40 42
11 609 306 40 42
0 111 39 40 42
0 274 31 40 42
4 290 292 40 42
4 245 450 40 42
0 147 74 40 42
11 34 93 40 42
