5 52 445 40 42
5 66 406 40 42
5 66 367 40 42
5 275 451 40 42
5 317 448 40 42
5 335 392 40 42
5 341 338 40 42
5 383 352 40 42
5 411 316 40 42
5 390 276 40 42
5 332 250 40 42
5 272 290 40 42
5 218 350 40 42
5 153 308 40 42
5 85 220 40 42
5 137 185 40 42
5 210 217 40 42
5 232 167 40 42
5 239 247 40 42
5 293 373 40 42
5 37 152 40 42
5 387 187 40 42
6 288 193 40 42
5 435 415 40 42
5 487 409 40 42
5 525 381 40 42
5 530 416 40 42
5 565 390 40 42
5 500 270 40 42
5 545 279 40 42
5 611 203 40 42
5 585 328 40 42
5 582 363 40 42
5 175 451 40 42
5 210 57 40 42
5 217 17 40 42
5 170 56 40 42
5 112 11 40 42
5 301 91 40 42
5 299 39 40 42
5 353 81 40 42
5 410 150 40 42
5 458 159 40 42
5 472 179 40 42
5 479 118 40 42
5 420 53 40 42
11 457 83 40 42
0 162 411 40 42
6 269 336 40 42
5 532 173 40 42
5 267 148 40 42
11 379 395 40 42
11 118 343 40 42
0 72 40 40 42
0 306 286 40 42
0 562 141 40 42
0 317 166 40 42
6 65 257 40 42
5 200 300 40 42
5 175 229 40 42
5 542 62 40 42
5 557 239 40 42
0 371 130 40 42
0 105 160 40 42
5 493 75 40 42
5 592 293 40 42
0 173 99 40 42
