3 305 216 40 42
4 271 454 40 42
4 232 442 40 42
4 223 400 40 42
4 172 397 40 42
4 296 419 40 42
4 343 377 40 42
4 357 329 40 42
4 300 326 40 42
4 152 353 40 42
4 106 349 40 42
4 60 371 40 42
4 107 396 40 42
4 100 441 40 42
4 70 322 40 42
4 35 307 40 42
4 63 237 40 42
4 23 244 40 42
4 156 225 40 42
4 180 267 40 42
4 272 252 40 42
4 390 289 40 42
4 417 326 40 42
4 420 395 40 42
4 455 443 40 42
4 491 402 40 42
4 334 442 40 42
4 390 460 40 42
4 543 381 40 42
4 534 301 40 42
4 499 280 40 42
4 458 314 40 42
4 424 259 40 42
4 361 236 40 42
4 397 209 40 42
4 460 250 40 42
4 482 241 40 42
4 531 235 40 42
4 562 265 40 42
4 615 292 40 42
4 604 363 40 42
4 208 176 40 42
4 160 181 40 42
4 252 176 40 42
4 278 150 40 42
4 260 123 40 42
4 325 115 40 42
4 382 152 40 42
4 396 111 40 42
4 362 184 40 42
4 422 170 40 42
4 532 105 40 42
4 548 143 40 42
4 572 185 40 42
4 493 202 40 42
4 605 142 40 42
4 584 58 40 42
4 542 23 40 42
4 466 66 40 42
4 307 41 40 42
4 312 81 40 42
4 225 54 40 42
4 158 72 40 42
4 142 112 40 42
4 115 85 40 42
4 115 43 40 42
4 80 49 40 42
4 40 65 40 42
4 73 185 40 42
4 114 160 40 42
4 251 352 40 42
4 157 26 40 42
7 315 23 40 42
9 448 194 40 42
9 436 36 40 42
11 39 132 40 42
11 390 18 40 42
11 362 79 40 42
11 174 303 40 42
11 87 270 40 42
4 477 108 40 42
11 358 420 40 42
2 430 97 40 42
9 77 146 40 42
2 90 116 40 42
9 390 380 40 42
9 229 251 40 42
9 65 90 40 42
0 152 446 40 42
3 292 380 40 42
3 133 263 40 42
3 228 315 40 42
0 210 362 40 42
0 307 166 40 42
9 588 107 40 42
9 555 68 40 42
9 450 143 40 42
3 485 166 40 42
9 582 299 40 42
9 445 350 40 42
9 281 290 40 42
9 28 182 40 42
10 187 114 40 42
11 512 344 40 42
4 628 60 40 42
