5 141 70 40 42
5 310 48 40 42
5 254 57 40 42
5 207 115 40 42
5 83 150 40 42
5 47 118 40 42
5 21 152 40 42
5 136 156 40 42
5 106 211 40 42
5 149 237 40 42
5 65 267 40 42
5 138 280 40 42
5 11 306 40 42
5 130 339 40 42
5 145 405 40 42
5 122 442 40 42
5 197 232 40 42
5 211 196 40 42
5 237 149 40 42
5 283 156 40 42
5 247 221 40 42
5 251 305 40 42
5 289 336 40 42
5 336 320 40 42
5 379 130 40 42
5 343 90 40 42
5 398 174 40 42
5 391 37 40 42
5 397 83 40 42
5 458 44 40 42
5 445 70 40 42
5 482 101 40 42
5 437 136 40 42
9 442 242 40 42
5 576 18 40 42
5 580 59 40 42
5 580 119 40 42
5 527 15 40 42
5 549 160 40 42
5 586 180 40 42
5 625 154 40 42
5 618 103 40 42
5 430 360 40 42
5 362 454 40 42
5 230 415 40 42
5 350 281 40 42
5 384 326 40 42
5 399 279 40 42
5 433 305 40 42
5 487 350 40 42
5 544 278 40 42
3 591 314 40 42
3 34 346 40 42
0 186 319 40 42
6 553 412 40 42
11 535 80 40 42
0 84 87 40 42
0 503 49 40 42
3 172 43 40 42
5 287 272 40 42
5 488 184 40 42
5 305 377 40 42
5 187 433 40 42
11 225 450 40 42
0 476 407 40 42
0 498 262 40 42
0 531 222 40 42
0 319 155 40 42
11 376 362 40 42
11 356 409 40 42
0 55 317 40 42
0 142 116 40 42
0 235 19 40 42
5 139 202 40 42
