5 570 20 40 42
5 536 57 40 42
5 499 78 40 42
5 492 44 40 42
5 568 86 40 42
5 453 105 40 42
5 461 146 40 42
5 415 152 40 42
5 415 90 40 42
5 350 41 40 42
5 373 12 40 42
5 307 88 40 42
5 361 131 40 42
5 340 177 40 42
5 233 130 40 42
5 86 68 40 42
5 64 23 40 42
5 256 22 40 42
5 211 11 40 42
5 164 125 40 42
5 200 161 40 42
5 199 261 40 42
5 220 347 40 42
5 262 318 40 42
5 387 311 40 42
5 398 270 40 42
5 434 225 40 42
5 432 315 40 42
5 576 277 40 42
5 509 216 40 42
5 474 250 40 42
5 354 370 40 42
5 265 466 40 42
5 58 461 40 42
5 25 417 40 42
5 74 415 40 42
5 47 299 40 42
5 161 287 40 42
4 188 318 40 42
4 301 149 40 42
5 470 456 40 42
5 515 453 40 42
5 526 379 40 42
5 460 396 40 42
5 625 260 40 42
5 217 64 40 42
5 105 115 40 42
5 97 377 40 42
5 14 453 40 42
5 128 405 40 42
5 107 440 40 42
5 260 434 40 42
5 213 410 40 42
5 300 434 40 42
5 595 178 40 42
5 562 173 40 42
5 397 46 40 42
0 465 190 40 42
0 112 292 40 42
0 62 267 40 42
0 435 429 40 42
0 343 437 40 42
0 444 355 40 42
0 476 294 40 42
5 267 88 40 42
5 367 76 40 42
