5 485 166 40 42
5 373 334 40 42
5 343 87 40 42
5 328 135 40 42
5 343 253 40 42
5 226 244 40 42
5 57 229 40 42
5 8 243 40 42
5 45 109 40 42
5 128 47 40 42
5 5 82 40 42
5 605 212 40 42
5 587 167 40 42
5 508 368 40 42
5 604 310 40 42
5 547 391 40 42
5 418 420 40 42
5 50 427 40 42
5 272 163 40 42
6 125 175 40 42
5 569 336 40 42
5 385 251 40 42
5 455 115 40 42
5 270 10 40 42
0 86 342 40 42
0 26 326 40 42
0 172 340 40 42
0 214 414 40 42
0 373 380 40 42
0 427 262 40 42
0 520 208 40 42
0 427 174 40 42
0 382 160 40 42
0 373 201 40 42
6 450 15 40 42
0 571 17 40 42
0 529 31 40 42
0 612 40 40 42
0 592 265 40 42
0 565 288 40 42
0 520 255 40 42
0 487 233 40 42
0 445 219 40 42
0 512 300 40 42
0 454 326 40 42
0 413 307 40 42
11 324 361 40 42
0 448 460 40 42
0 482 434 40 42
4 182 65 40 42
0 23 191 40 42
0 27 19 40 42
0 301 43 40 42
0 361 10 40 42
0 298 102 40 42
5 280 270 40 42
5 217 371 40 42
4 331 456 40 42
0 379 451 40 42
5 436 381 40 42
0 422 83 40 42
0 410 27 40 42
0 336 47 40 42
0 240 133 40 42
0 132 108 40 42
0 184 103 40 42
5 85 128 40 42
0 93 196 40 42
4 113 297 40 42
0 259 218 40 42
5 340 308 40 42
0 190 32 40 42
0 622 369 40 42
