3 526 79 40 42
4 192 197 40 42
5 150 30 40 42
5 111 47 40 42
5 90 89 40 42
5 142 204 40 42
5 107 237 40 42
5 72 277 40 42
5 29 286 40 42
5 136 113 40 42
5 137 150 40 42
5 279 59 40 42
5 433 40 40 42
5 472 67 40 42
5 440 105 40 42
5 522 164 40 42
5 446 207 40 42
5 597 150 40 42
5 615 96 40 42
5 624 48 40 42
5 599 202 40 42
5 550 304 40 42
5 375 367 40 42
5 357 409 40 42
5 332 446 40 42
5 194 430 40 42
5 61 447 40 42
5 33 407 40 42
5 233 342 40 42
5 219 300 40 42
5 185 264 40 42
5 292 200 40 42
5 242 182 40 42
5 426 310 40 42
5 439 250 40 42
5 471 395 40 42
5 552 406 40 42
5 472 434 40 42
5 530 263 40 42
5 197 53 40 42
5 207 100 40 42
5 302 262 40 42
5 442 369 40 42
5 376 314 40 42
5 545 119 40 42
5 263 256 40 42
6 63 191 40 42
11 507 461 40 42
11 365 36 40 42
4 577 72 40 42
5 515 339 40 42
0 362 230 40 42
0 114 317 40 42
5 48 363 40 42
5 280 311 40 42
5 320 168 40 42
0 327 102 40 42
0 478 152 40 42
0 562 350 40 42
0 462 302 40 42
