3 98 268 40 42
5 0 176 40 42
5 84 127 40 42
5 90 89 40 42
5 87 40 40 42
5 140 121 40 42
5 188 116 40 42
5 430 107 40 42
5 13 270 40 42
5 31 228 40 42
5 72 228 40 42
5 210 227 40 42
5 280 248 40 42
5 326 239 40 42
5 355 268 40 42
5 299 298 40 42
5 311 351 40 42
5 256 335 40 42
5 139 366 40 42
5 297 399 40 42
5 359 402 40 42
5 183 361 40 42
5 148 304 40 42
5 449 293 40 42
5 624 163 40 42
5 185 451 40 42
5 430 53 40 42
5 397 182 40 42
5 342 185 40 42
5 487 210 40 42
5 567 335 40 42
5 558 122 40 42
5 557 57 40 42
5 601 40 40 42
5 586 86 40 42
5 617 118 40 42
5 384 98 40 42
5 233 57 40 42
5 278 67 40 42
5 360 332 40 42
5 233 272 40 42
5 102 331 40 42
5 33 307 40 42
11 287 445 40 42
5 537 444 40 42
5 500 373 40 42
5 480 330 40 42
