5 507 89 40 42
5 613 110 40 42
5 469 48 40 42
5 384 10 40 42
5 377 106 40 42
5 327 136 40 42
5 436 180 40 42
5 485 182 40 42
5 514 142 40 42
5 604 239 40 42
5 572 297 40 42
5 618 300 40 42
5 489 269 40 42
5 452 334 40 42
5 501 352 40 42
5 543 382 40 42
5 502 425 40 42
5 612 381 40 42
5 549 452 40 42
5 426 398 40 42
5 378 307 40 42
5 302 26 40 42
5 147 101 40 42
5 97 59 40 42
5 33 115 40 42
5 96 425 40 42
5 61 426 40 42
5 134 384 40 42
5 131 307 40 42
5 46 265 40 42
5 27 320 40 42
5 213 415 40 42
5 254 426 40 42
5 225 222 40 42
5 73 190 40 42
5 93 267 40 42
5 68 12 40 42
5 208 319 40 42
5 223 365 40 42
5 417 73 40 42
5 369 204 40 42
5 567 135 40 42
5 447 292 40 42
0 337 330 40 42
0 318 371 40 42
0 427 259 40 42
11 266 183 40 42
0 209 17 40 42
