9 482 125 40 42
5 340 43 40 42
5 297 67 40 42
5 256 100 40 42
5 213 96 40 42
5 165 63 40 42
5 104 130 40 42
5 83 246 40 42
5 36 261 40 42
5 70 136 40 42
5 37 25 40 42
5 414 64 40 42
5 460 46 40 42
5 505 44 40 42
5 406 25 40 42
5 342 161 40 42
5 218 199 40 42
5 181 234 40 42
5 162 306 40 42
5 124 292 40 42
5 70 298 40 42
5 171 188 40 42
5 270 228 40 42
5 260 274 40 42
5 320 274 40 42
5 343 323 40 42
5 380 290 40 42
5 395 250 40 42
5 382 199 40 42
5 447 188 40 42
5 575 188 40 42
5 472 280 40 42
5 192 371 40 42
5 161 411 40 42
5 193 465 40 42
5 53 395 40 42
5 553 129 40 42
5 523 157 40 42
5 505 195 40 42
5 594 310 40 42
5 613 355 40 42
5 570 258 40 42
5 493 318 40 42
5 452 332 40 42
5 449 381 40 42
5 472 410 40 42
5 519 393 40 42
5 535 436 40 42
5 413 427 40 42
5 612 405 40 42
5 310 405 40 42
5 235 340 40 42
5 268 384 40 42
5 123 457 40 42
5 297 156 40 42
5 239 46 40 42
5 252 14 40 42
5 203 272 40 42
5 306 360 40 42
0 335 99 40 42
0 379 91 40 42
0 586 64 40 42
0 131 86 40 42
0 226 157 40 42
5 43 209 40 42
0 155 266 40 42
0 57 343 40 42
0 116 387 40 42
0 269 327 40 42
