5 580 16 40 42
5 536 33 40 42
5 465 26 40 42
5 442 79 40 42
5 399 34 40 42
5 600 57 40 42
5 599 112 40 42
5 446 324 40 42
5 453 279 40 42
5 480 365 40 42
5 575 375 40 42
5 516 445 40 42
5 490 403 40 42
5 420 223 40 42
5 525 211 40 42
4 136 79 40 42
4 112 196 40 42
4 415 430 40 42
4 393 397 40 42
4 418 355 40 42
4 331 354 40 42
6 269 416 40 42
3 360 200 40 42
6 323 175 40 42
5 110 341 40 42
5 99 257 40 42
5 154 325 40 42
5 129 286 40 42
5 169 371 40 42
5 225 372 40 42
5 201 442 40 42
5 240 410 40 42
5 27 290 40 42
5 59 299 40 42
5 97 150 40 42
5 146 122 40 42
5 59 162 40 42
5 70 97 40 42
5 157 197 40 42
5 211 189 40 42
5 223 81 40 42
5 252 52 40 42
5 225 32 40 42
5 279 89 40 42
5 316 69 40 42
5 292 144 40 42
5 347 414 40 42
11 537 90 40 42
11 428 129 40 42
0 453 180 40 42
0 479 144 40 42
5 501 295 40 42
5 534 352 40 42
5 308 445 40 42
0 397 316 40 42
0 278 228 40 42
0 330 228 40 42
5 330 122 40 42
0 46 414 40 42
0 95 443 40 42
0 207 134 40 42
5 248 328 40 42
