5 443 302 40 42
5 562 391 40 42
5 609 359 40 42
5 499 356 40 42
5 544 436 40 42
5 485 248 40 42
5 600 302 40 42
6 553 44 40 42
6 364 457 40 42
5 160 330 40 42
5 197 324 40 42
5 58 417 40 42
5 36 384 40 42
5 74 443 40 42
5 111 392 40 42
5 19 348 40 42
5 46 310 40 42
5 80 255 40 42
5 159 280 40 42
5 192 251 40 42
5 141 239 40 42
5 142 205 40 42
5 150 162 40 42
5 63 168 40 42
5 72 107 40 42
5 112 109 40 42
5 106 160 40 42
5 6 117 40 42
5 68 33 40 42
5 110 20 40 42
5 148 58 40 42
5 190 37 40 42
5 346 41 40 42
5 230 32 40 42
5 381 21 40 42
5 413 50 40 42
5 456 73 40 42
5 442 14 40 42
5 432 115 40 42
5 495 103 40 42
5 494 140 40 42
5 381 138 40 42
5 390 191 40 42
5 356 218 40 42
5 300 256 40 42
5 289 307 40 42
5 420 232 40 42
5 548 129 40 42
5 400 417 40 42
5 436 424 40 42
5 276 152 40 42
5 236 391 40 42
5 321 441 40 42
11 12 40 40 42
0 107 67 40 42
11 271 53 40 42
0 235 115 40 42
0 37 210 40 42
0 87 200 40 42
11 244 237 40 42
0 314 191 40 42
6 458 249 40 42
0 221 192 40 42
0 183 431 40 42
5 227 432 40 42
11 151 377 40 42
11 235 349 40 42
11 281 432 40 42
5 289 102 40 42
5 323 93 40 42
0 433 383 40 42
0 553 273 40 42
0 392 357 40 42
0 525 327 40 42
0 502 449 40 42
0 482 410 40 42
0 523 392 40 42
0 500 189 40 42
0 442 193 40 42
0 467 166 40 42
