5 192 385 40 42
5 250 415 40 42
5 295 438 40 42
5 218 342 40 42
5 261 381 40 42
5 290 324 40 42
5 347 368 40 42
5 359 314 40 42
5 392 442 40 42
5 435 452 40 42
5 462 421 40 42
5 426 370 40 42
5 393 353 40 42
5 118 450 40 42
5 102 395 40 42
5 81 323 40 42
5 81 277 40 42
5 127 277 40 42
5 177 285 40 42
5 482 372 40 42
5 447 299 40 42
5 488 276 40 42
5 535 253 40 42
5 442 227 40 42
5 395 210 40 42
5 351 234 40 42
5 382 278 40 42
5 455 154 40 42
5 426 127 40 42
5 366 130 40 42
5 340 95 40 42
5 303 72 40 42
5 393 75 40 42
5 320 128 40 42
5 324 197 40 42
5 398 163 40 42
5 443 187 40 42
5 507 92 40 42
5 498 45 40 42
5 235 209 40 42
5 190 200 40 42
5 275 163 40 42
5 274 237 40 42
5 78 233 40 42
5 145 158 40 42
5 158 107 40 42
5 572 75 40 42
5 590 117 40 42
5 619 152 40 42
5 197 71 40 42
5 335 438 40 42
5 385 393 40 42
5 537 365 40 42
5 160 342 40 42
0 304 285 40 42
0 423 261 40 42
0 492 217 40 42
11 554 203 40 42
6 570 300 40 42
3 586 372 40 42
0 234 158 40 42
0 113 30 40 42
0 215 261 40 42
0 246 305 40 42
0 599 250 40 42
0 609 27 40 42
0 29 287 40 42
5 101 192 40 42
5 196 156 40 42
5 294 387 40 42
5 621 338 40 42
5 471 117 40 42
5 53 33 40 42
5 19 442 40 42
5 65 420 40 42
5 70 371 40 42
