4 264 264 40 42
4 294 247 40 42
3 221 233 40 42
3 112 174 40 42
3 58 30 40 42
4 428 402 40 42
4 417 367 40 42
4 482 345 40 42
4 503 370 40 42
4 470 257 40 42
4 368 299 40 42
4 260 345 40 42
4 288 385 40 42
4 256 397 40 42
4 236 421 40 42
4 267 445 40 42
4 326 463 40 42
4 323 432 40 42
4 327 366 40 42
4 369 385 40 42
4 379 413 40 42
4 406 428 40 42
4 158 397 40 42
4 205 377 40 42
4 179 355 40 42
4 222 334 40 42
4 204 300 40 42
4 170 294 40 42
4 120 325 40 42
4 187 256 40 42
4 153 246 40 42
4 116 279 40 42
4 56 305 40 42
4 44 350 40 42
4 91 348 40 42
4 287 192 40 42
4 265 104 40 42
4 455 34 40 42
4 511 103 40 42
4 489 139 40 42
4 459 202 40 42
4 419 202 40 42
4 417 141 40 42
4 566 119 40 42
4 597 101 40 42
4 571 75 40 42
4 595 49 40 42
4 536 21 40 42
4 599 158 40 42
4 598 179 40 42
4 557 188 40 42
4 579 326 40 42
4 129 18 40 42
4 160 32 40 42
4 114 59 40 42
4 87 14 40 42
4 44 61 40 42
4 82 100 40 42
4 204 16 40 42
4 177 65 40 42
4 129 111 40 42
4 102 143 40 42
4 152 152 40 42
4 199 153 40 42
4 167 184 40 42
4 191 203 40 42
4 229 182 40 42
3 226 46 40 42
4 302 47 40 42
4 292 77 40 42
11 260 58 40 42
11 45 232 40 42
11 486 452 40 42
11 412 308 40 42
4 382 22 40 42
4 327 14 40 42
4 97 448 40 42
4 543 353 40 42
4 456 425 40 42
4 510 207 40 42
4 61 422 40 42
11 11 443 40 42
11 112 412 40 42
4 59 153 40 42
4 34 187 40 42
4 478 69 40 42
9 487 21 40 42
9 358 174 40 42
9 84 255 40 42
9 450 459 40 42
3 457 303 40 42
11 438 271 40 42
4 397 267 40 42
3 330 261 40 42
11 584 415 40 42
11 631 386 40 42
11 617 249 40 42
11 593 226 40 42
0 326 135 40 42
6 161 120 40 42
