6 205 229 40 42
6 116 134 40 42
3 497 243 40 42
5 452 242 40 42
5 471 290 40 42
5 561 218 40 42
5 473 116 40 42
5 385 450 40 42
5 410 420 40 42
5 481 397 40 42
5 515 454 40 42
5 468 456 40 42
5 431 310 40 42
5 364 287 40 42
5 336 252 40 42
5 406 247 40 42
5 418 214 40 42
5 382 172 40 42
5 265 176 40 42
5 192 191 40 42
5 131 274 40 42
5 227 284 40 42
5 270 287 40 42
5 179 423 40 42
5 220 393 40 42
5 269 391 40 42
5 325 383 40 42
5 322 337 40 42
5 51 250 40 42
5 49 103 40 42
5 156 126 40 42
5 397 104 40 42
5 369 69 40 42
5 378 18 40 42
5 526 123 40 42
5 470 182 40 42
5 60 434 40 42
5 549 324 40 42
1 532 264 40 42
5 575 39 40 42
5 324 156 40 42
5 113 308 40 42
5 110 199 40 42
5 515 170 40 42
5 356 410 40 42
0 225 440 40 42
11 145 457 40 42
0 110 401 40 42
11 270 335 40 42
11 292 223 40 42
11 415 353 40 42
6 237 197 40 42
0 178 263 40 42
0 473 330 40 42
0 612 240 40 42
0 583 97 40 42
0 252 67 40 42
0 104 61 40 42
3 588 270 40 42
11 42 48 40 42
0 184 83 40 42
0 50 174 40 42
11 241 110 40 42
5 472 56 40 42
0 440 84 40 42
0 260 19 40 42
0 561 177 40 42
11 208 41 40 42
11 618 308 40 42
0 598 341 40 42
