5 443 332 40 42
5 433 290 40 42
5 357 310 40 42
5 483 317 40 42
5 260 317 40 42
5 397 402 40 42
5 432 404 40 42
5 128 52 40 42
5 15 24 40 42
5 138 9 40 42
5 192 34 40 42
5 268 17 40 42
5 434 33 40 42
5 321 85 40 42
5 260 125 40 42
5 50 162 40 42
5 87 248 40 42
5 173 219 40 42
5 165 277 40 42
5 38 205 40 42
5 389 107 40 42
5 414 154 40 42
5 368 172 40 42
5 513 96 40 42
5 532 12 40 42
5 608 14 40 42
5 570 77 40 42
5 600 169 40 42
5 468 264 40 42
5 389 272 40 42
5 38 445 40 42
5 62 359 40 42
5 169 394 40 42
5 207 404 40 42
5 315 450 40 42
5 297 365 40 42
5 478 430 40 42
5 345 425 40 42
5 369 466 40 42
5 479 203 40 42
5 590 122 40 42
5 115 320 40 42
5 114 283 40 42
5 124 403 40 42
11 250 430 40 42
11 477 381 40 42
11 345 361 40 42
0 225 363 40 42
0 317 400 40 42
0 122 457 40 42
0 204 114 40 42
0 158 185 40 42
0 32 323 40 42
11 306 171 40 42
11 389 218 40 42
0 399 63 40 42
5 472 65 40 42
5 395 347 40 42
5 566 200 40 42
5 29 405 40 42
5 606 375 40 42
5 432 112 40 42
0 62 110 40 42
11 543 352 40 42
11 423 252 40 42
5 451 211 40 42
5 470 142 40 42
11 365 41 40 42
0 510 237 40 42
0 540 274 40 42
11 529 427 40 42
