6 30 241 40 42
5 157 454 40 42
5 201 451 40 42
5 310 435 40 42
5 331 376 40 42
5 202 278 40 42
5 196 237 40 42
5 145 236 40 42
4 102 182 40 42
5 92 338 40 42
5 18 363 40 42
5 87 139 40 42
5 283 69 40 42
5 335 71 40 42
5 383 23 40 42
5 386 97 40 42
5 367 196 40 42
5 333 158 40 42
5 84 42 40 42
5 119 114 40 42
5 186 333 40 42
5 410 296 40 42
5 405 259 40 42
5 434 325 40 42
5 489 364 40 42
5 493 430 40 42
5 450 442 40 42
5 463 400 40 42
5 525 396 40 42
5 618 354 40 42
5 583 322 40 42
5 581 289 40 42
5 618 263 40 42
5 625 169 40 42
5 473 314 40 42
5 474 215 40 42
5 511 47 40 42
5 420 55 40 42
5 392 170 40 42
5 445 155 40 42
5 213 133 40 42
5 165 101 40 42
5 310 227 40 42
5 294 196 40 42
11 312 276 40 42
11 240 315 40 42
5 325 313 40 42
11 47 118 40 42
0 281 397 40 42
0 596 58 40 42
0 145 415 40 42
0 197 408 40 42
0 549 120 40 42
0 546 80 40 42
5 551 157 40 42
5 595 145 40 42
5 592 101 40 42
5 424 211 40 42
11 457 269 40 42
0 536 301 40 42
5 351 454 40 42
11 357 255 40 42
5 326 115 40 42
11 213 366 40 42
11 145 284 40 42
11 262 234 40 42
0 566 367 40 42
5 489 281 40 42
0 243 164 40 42
0 405 127 40 42
0 110 442 40 42
0 245 422 40 42
0 331 27 40 42
0 265 105 40 42
5 68 242 40 42
0 204 200 40 42
