3 452 170 40 42
3 512 218 40 42
3 296 318 40 42
3 539 39 40 42
7 273 248 40 42
7 338 406 40 42
9 578 192 40 42
9 597 263 40 42
9 160 263 40 42
4 165 219 40 42
4 136 185 40 42
4 75 147 40 42
4 33 211 40 42
4 110 233 40 42
4 24 275 40 42
4 87 314 40 42
4 123 362 40 42
4 73 428 40 42
4 129 467 40 42
4 127 428 40 42
4 91 469 40 42
4 204 284 40 42
4 253 327 40 42
4 327 305 40 42
4 364 280 40 42
4 402 245 40 42
4 373 192 40 42
4 322 170 40 42
4 371 103 40 42
4 327 119 40 42
4 308 42 40 42
4 214 67 40 42
4 174 75 40 42
4 402 80 40 42
4 402 28 40 42
4 325 75 40 42
4 480 64 40 42
4 475 98 40 42
4 435 137 40 42
4 576 110 40 42
4 543 142 40 42
4 624 145 40 42
4 530 178 40 42
4 589 231 40 42
4 426 195 40 42
4 455 262 40 42
4 509 242 40 42
4 617 306 40 42
4 530 355 40 42
4 435 316 40 42
4 443 349 40 42
4 470 373 40 42
4 508 385 40 42
4 515 426 40 42
4 412 421 40 42
4 382 365 40 42
4 393 299 40 42
4 358 237 40 42
4 284 354 40 42
4 303 448 40 42
4 308 412 40 42
4 454 456 40 42
4 32 409 40 42
4 94 23 40 42
4 13 126 40 42
4 5 155 40 42
11 212 337 40 42
11 131 284 40 42
11 346 437 40 42
4 616 39 40 42
4 176 120 40 42
4 47 25 40 42
4 580 25 40 42
4 452 5 40 42
4 356 20 40 42
3 209 138 40 42
4 287 105 40 42
4 268 65 40 42
3 140 105 40 42
4 248 414 40 42
4 172 409 40 42
4 200 414 40 42
3 181 156 40 42
3 166 34 40 42
11 515 116 40 42
11 517 89 40 42
4 546 71 40 42
11 355 334 40 42
6 215 390 40 42
3 87 269 40 42
9 98 95 40 42
9 118 55 40 42
