3 130 91 40 42
3 140 159 40 42
3 417 108 40 42
9 378 292 40 42
0 159 33 40 42
11 406 345 40 42
3 583 333 40 42
4 32 85 40 42
4 40 121 40 42
4 54 173 40 42
4 100 156 40 42
4 152 192 40 42
4 108 52 40 42
4 184 87 40 42
4 237 83 40 42
4 231 60 40 42
4 238 138 40 42
4 218 175 40 42
4 260 205 40 42
4 209 212 40 42
4 296 71 40 42
4 319 103 40 42
4 339 48 40 42
4 311 19 40 42
4 357 16 40 42
4 556 102 40 42
4 485 82 40 42
4 451 90 40 42
4 381 148 40 42
4 418 232 40 42
4 345 207 40 42
4 307 213 40 42
4 281 178 40 42
4 337 257 40 42
4 323 281 40 42
4 268 301 40 42
4 312 330 40 42
4 385 395 40 42
4 352 431 40 42
4 305 420 40 42
4 251 411 40 42
4 206 417 40 42
4 181 388 40 42
4 172 446 40 42
4 182 342 40 42
4 228 326 40 42
4 275 461 40 42
4 397 452 40 42
4 440 461 40 42
4 432 422 40 42
4 471 434 40 42
4 462 384 40 42
4 412 298 40 42
4 496 220 40 42
4 586 299 40 42
4 532 296 40 42
4 480 292 40 42
4 608 359 40 42
4 556 361 40 42
4 522 422 40 42
4 583 443 40 42
4 116 449 40 42
4 86 428 40 42
4 35 427 40 42
4 95 370 40 42
4 37 347 40 42
4 102 324 40 42
4 133 315 40 42
4 149 282 40 42
4 47 230 40 42
4 15 268 40 42
4 563 15 40 42
4 534 201 40 42
4 517 168 40 42
4 557 247 40 42
11 516 255 40 42
4 182 264 40 42
4 120 395 40 42
4 620 395 40 42
4 552 147 40 42
4 590 137 40 42
4 607 164 40 42
4 587 182 40 42
4 582 215 40 42
4 615 230 40 42
4 215 465 40 42
9 503 464 40 42
9 161 142 40 42
9 264 30 40 42
4 338 168 40 42
11 394 195 40 42
11 229 276 40 42
11 246 240 40 42
9 45 388 40 42
4 346 370 40 42
11 634 34 40 42
6 9 48 40 42
11 456 250 40 42
