4 85 45 40 42
4 46 29 40 42
4 9 33 40 42
4 138 34 40 42
4 173 12 40 42
4 223 34 40 42
4 304 109 40 42
4 157 126 40 42
4 102 127 40 42
4 87 90 40 42
4 19 104 40 42
4 10 76 40 42
4 23 152 40 42
4 77 159 40 42
4 7 195 40 42
4 25 239 40 42
4 61 210 40 42
4 88 207 40 42
4 107 239 40 42
4 52 267 40 42
4 103 280 40 42
4 126 178 40 42
4 195 170 40 42
4 236 190 40 42
4 181 217 40 42
4 225 127 40 42
4 253 149 40 42
4 304 151 40 42
4 375 88 40 42
4 347 123 40 42
4 332 177 40 42
4 392 144 40 42
4 85 402 40 42
4 77 442 40 42
4 227 433 40 42
4 253 307 40 42
4 296 293 40 42
4 322 356 40 42
4 215 381 40 42
4 202 308 40 42
4 451 391 40 42
4 484 380 40 42
4 440 325 40 42
4 490 330 40 42
4 489 291 40 42
4 501 256 40 42
4 452 276 40 42
4 486 223 40 42
4 519 190 40 42
4 564 183 40 42
4 632 183 40 42
4 531 101 40 42
4 515 67 40 42
4 557 67 40 42
4 600 64 40 42
4 555 13 40 42
4 612 16 40 42
4 470 72 40 42
4 430 131 40 42
4 491 150 40 42
4 570 420 40 42
4 536 452 40 42
4 489 442 40 42
4 379 248 40 42
4 364 203 40 42
4 339 243 40 42
3 300 209 40 42
9 182 257 40 42
9 196 282 40 42
9 150 274 40 42
9 19 309 40 42
9 357 298 40 42
9 424 370 40 42
9 446 433 40 42
9 258 235 40 42
9 411 169 40 42
9 507 126 40 42
9 490 45 40 42
11 159 312 40 42
4 319 12 40 42
4 157 445 40 42
4 195 461 40 42
4 32 424 40 42
4 519 370 40 42
4 613 275 40 42
11 570 153 40 42
11 114 411 40 42
4 447 13 40 42
4 497 11 40 42
4 535 155 40 42
4 252 71 40 42
11 307 55 40 42
2 95 334 40 42
3 160 402 40 42
3 394 382 40 42
3 606 317 40 42
3 618 342 40 42
9 623 100 40 42
3 443 191 40 42
4 404 215 40 42
4 435 221 40 42
7 327 272 40 42
11 611 131 40 42
4 403 323 40 42
4 362 373 40 42
4 363 394 40 42
