3 29 327 40 42
3 160 467 40 42
3 116 46 40 42
3 100 135 40 42
9 383 426 40 42
4 87 408 40 42
4 43 422 40 42
4 108 285 40 42
4 38 268 40 42
4 9 295 40 42
4 90 193 40 42
4 130 216 40 42
4 146 260 40 42
4 210 290 40 42
4 165 392 40 42
4 206 432 40 42
4 220 456 40 42
4 75 459 40 42
4 311 308 40 42
4 288 270 40 42
4 341 272 40 42
4 362 323 40 42
4 398 311 40 42
4 477 332 40 42
4 375 242 40 42
4 379 193 40 42
4 411 169 40 42
4 421 218 40 42
4 410 254 40 42
4 300 215 40 42
4 464 211 40 42
4 491 176 40 42
4 489 147 40 42
4 445 140 40 42
4 473 90 40 42
4 512 79 40 42
4 534 108 40 42
4 535 147 40 42
4 563 70 40 42
4 542 39 40 42
4 500 32 40 42
4 396 44 40 42
4 460 16 40 42
4 621 39 40 42
4 600 79 40 42
4 630 168 40 42
4 624 119 40 42
4 562 201 40 42
4 594 242 40 42
4 551 259 40 42
4 582 284 40 42
4 472 275 40 42
4 460 250 40 42
4 470 432 40 42
4 555 396 40 42
4 616 322 40 42
4 612 367 40 42
4 620 392 40 42
4 582 439 40 42
4 345 430 40 42
4 325 403 40 42
4 299 449 40 42
4 390 466 40 42
4 207 383 40 42
4 361 132 40 42
4 356 103 40 42
4 315 115 40 42
4 290 107 40 42
4 304 59 40 42
4 327 56 40 42
4 213 17 40 42
4 205 50 40 42
4 75 88 40 42
4 23 117 40 42
4 62 152 40 42
4 89 363 40 42
11 497 295 40 42
11 412 85 40 42
11 177 79 40 42
11 13 184 40 42
11 35 204 40 42
11 210 157 40 42
9 288 28 40 42
4 159 189 40 42
4 126 162 40 42
4 440 369 40 42
4 227 251 40 42
11 61 31 40 42
4 154 33 40 42
11 477 466 40 42
11 255 372 40 42
2 39 71 40 42
2 175 245 40 42
9 161 303 40 42
11 331 357 40 42
3 525 353 40 42
9 464 49 40 42
7 542 437 40 42
