5 350 115 40 42
2 292 334 40 42
2 240 329 40 42
6 237 156 40 42
0 204 77 40 42
2 375 181 40 42
0 441 186 40 42
0 464 322 40 42
0 357 407 40 42
0 466 383 40 42
2 607 409 40 42
0 179 360 40 42
0 321 263 40 42
3 285 276 40 42
0 276 236 40 42
0 408 105 40 42
0 464 71 40 42
0 97 60 40 42
6 23 288 40 42
2 607 286 40 42
0 564 337 40 42
0 230 290 40 42
2 629 136 40 42
0 605 213 40 42
0 431 355 40 42
0 513 455 40 42
0 512 32 40 42
0 531 101 40 42
0 460 115 40 42
0 522 185 40 42
0 495 227 40 42
0 495 273 40 42
0 577 263 40 42
0 540 303 40 42
0 567 79 40 42
0 545 425 40 42
0 469 442 40 42
0 410 221 40 42
0 403 52 40 42
11 219 403 40 42
0 187 286 40 42
0 297 187 40 42
0 330 164 40 42
0 341 210 40 42
0 327 317 40 42
11 397 338 40 42
0 410 402 40 42
0 400 437 40 42
0 319 456 40 42
0 259 445 40 42
0 377 370 40 42
6 85 456 40 42
0 146 427 40 42
0 118 391 40 42
0 95 364 40 42
0 36 379 40 42
0 80 325 40 42
0 138 314 40 42
1 192 118 40 42
0 142 201 40 42
0 116 242 40 42
0 75 217 40 42
0 68 157 40 42
0 310 98 40 42
0 210 35 40 42
0 252 55 40 42
0 295 30 40 42
0 155 67 40 42
0 89 20 40 42
0 70 91 40 42
0 18 115 40 42
0 270 92 40 42
0 19 37 40 42
6 55 52 40 42
