3 218 270 40 42
3 74 194 40 42
3 75 91 40 42
3 550 181 40 42
3 539 316 40 42
3 294 284 40 42
3 229 399 40 42
4 124 61 40 42
4 44 27 40 42
4 19 62 40 42
4 112 107 40 42
4 190 182 40 42
4 224 162 40 42
4 223 32 40 42
4 244 105 40 42
4 331 37 40 42
4 288 156 40 42
4 306 218 40 42
4 279 246 40 42
4 112 221 40 42
4 152 230 40 42
4 97 285 40 42
4 85 330 40 42
4 49 357 40 42
4 65 399 40 42
4 19 418 40 42
4 149 322 40 42
4 187 330 40 42
4 242 292 40 42
4 255 325 40 42
4 297 317 40 42
4 176 370 40 42
4 127 387 40 42
4 123 462 40 42
4 179 415 40 42
4 217 457 40 42
4 245 432 40 42
4 339 402 40 42
4 313 385 40 42
4 367 316 40 42
4 327 303 40 42
4 383 364 40 42
4 406 282 40 42
4 393 260 40 42
4 430 217 40 42
4 426 180 40 42
4 486 134 40 42
4 515 97 40 42
4 477 55 40 42
4 567 79 40 42
4 598 106 40 42
4 533 129 40 42
4 603 42 40 42
4 562 24 40 42
4 584 215 40 42
4 511 204 40 42
4 499 251 40 42
4 484 326 40 42
4 503 376 40 42
4 427 371 40 42
4 472 403 40 42
4 529 429 40 42
4 557 405 40 42
4 560 378 40 42
4 601 274 40 42
4 633 287 40 42
4 611 388 40 42
4 628 419 40 42
4 413 433 40 42
4 427 464 40 42
4 478 448 40 42
4 329 464 40 42
3 517 57 40 42
11 61 256 40 42
4 447 105 40 42
3 302 55 40 42
3 93 36 40 42
1 287 443 40 42
11 540 257 40 42
0 223 215 40 42
3 127 310 40 42
3 42 226 40 42
3 628 147 40 42
4 198 86 40 42
