5 556 303 40 42
5 531 190 40 42
5 392 69 40 42
5 196 254 40 42
5 525 340 40 42
0 386 187 40 42
9 463 97 40 42
0 339 34 40 42
6 199 84 40 42
6 47 147 40 42
3 467 304 40 42
0 13 48 40 42
0 101 22 40 42
0 146 8 40 42
0 148 52 40 42
0 100 86 40 42
0 24 187 40 42
0 73 212 40 42
0 26 235 40 42
0 95 182 40 42
0 128 200 40 42
0 173 217 40 42
0 160 107 40 42
11 210 126 40 42
0 213 43 40 42
1 254 31 40 42
3 259 69 40 42
0 232 177 40 42
0 252 146 40 42
0 254 107 40 42
0 310 107 40 42
0 305 59 40 42
0 341 163 40 42
0 357 129 40 42
2 403 139 40 42
0 297 231 40 42
0 432 78 40 42
0 378 26 40 42
0 539 76 40 42
0 505 105 40 42
0 531 140 40 42
0 580 136 40 42
0 574 90 40 42
0 622 59 40 42
0 628 152 40 42
3 448 197 40 42
0 493 177 40 42
0 493 220 40 42
0 519 257 40 42
0 381 222 40 42
0 340 225 40 42
0 245 221 40 42
0 302 270 40 42
0 350 276 40 42
0 425 258 40 42
0 388 294 40 42
0 340 318 40 42
0 290 359 40 42
0 382 336 40 42
0 351 372 40 42
0 396 399 40 42
0 337 405 40 42
0 418 363 40 42
0 441 335 40 42
0 467 397 40 42
6 517 395 40 42
3 553 382 40 42
0 592 250 40 42
0 620 315 40 42
0 589 336 40 42
0 610 375 40 42
0 519 296 40 42
0 485 272 40 42
0 525 458 40 42
0 563 452 40 42
5 223 397 40 42
0 177 327 40 42
0 199 366 40 42
0 128 361 40 42
0 65 359 40 42
2 177 286 40 42
2 212 295 40 42
0 77 398 40 42
0 62 304 40 42
0 109 265 40 42
0 57 252 40 42
0 9 113 40 42
0 154 419 40 42
0 33 446 40 42
0 481 359 40 42
0 447 160 40 42
0 257 318 40 42
0 448 32 40 42
0 498 16 40 42
0 273 192 40 42
