9 422 215 40 42
9 331 235 40 42
9 582 117 40 42
5 610 387 40 42
5 560 192 40 42
3 219 429 40 42
1 85 50 40 42
1 186 128 40 42
1 213 389 40 42
0 367 205 40 42
0 455 112 40 42
0 405 132 40 42
0 568 44 40 42
0 364 16 40 42
0 199 19 40 42
6 63 448 40 42
2 37 243 40 42
2 353 252 40 42
6 259 58 40 42
11 562 303 40 42
3 615 124 40 42
2 604 62 40 42
0 460 32 40 42
0 486 71 40 42
0 501 20 40 42
0 543 107 40 42
5 622 34 40 42
0 517 60 40 42
0 484 137 40 42
0 505 170 40 42
0 475 190 40 42
0 518 220 40 42
0 499 270 40 42
0 561 245 40 42
0 576 227 40 42
0 594 182 40 42
0 632 164 40 42
0 610 256 40 42
0 565 150 40 42
0 389 71 40 42
0 347 78 40 42
0 308 104 40 42
0 335 135 40 42
0 311 180 40 42
0 256 145 40 42
11 225 200 40 42
0 258 113 40 42
0 169 53 40 42
0 147 89 40 42
6 70 101 40 42
0 30 113 40 42
0 26 30 40 42
0 43 200 40 42
0 35 153 40 42
0 92 168 40 42
0 126 132 40 42
0 115 215 40 42
0 82 261 40 42
0 160 199 40 42
3 213 225 40 42
0 19 316 40 42
0 197 255 40 42
0 112 286 40 42
0 164 298 40 42
0 200 328 40 42
0 228 295 40 42
0 118 338 40 42
0 94 383 40 42
0 33 384 40 42
0 157 367 40 42
0 185 355 40 42
0 107 420 40 42
0 160 434 40 42
0 294 347 40 42
0 288 299 40 42
0 312 262 40 42
0 266 231 40 42
0 312 222 40 42
0 271 396 40 42
0 302 427 40 42
0 383 357 40 42
0 466 298 40 42
0 379 282 40 42
0 393 234 40 42
0 427 252 40 42
0 425 299 40 42
0 502 360 40 42
0 497 407 40 42
0 427 428 40 42
0 371 439 40 42
0 467 455 40 42
0 569 352 40 42
0 568 391 40 42
0 563 459 40 42
0 102 462 40 42
0 429 164 40 42
