9 270 372 40 42
9 467 154 40 42
5 355 68 40 42
6 457 402 40 42
7 396 415 40 42
5 562 407 40 42
7 512 164 40 42
5 393 218 40 42
2 227 54 40 42
6 219 135 40 42
0 560 10 40 42
0 535 45 40 42
0 479 54 40 42
0 462 35 40 42
0 585 49 40 42
0 545 87 40 42
0 554 130 40 42
0 602 142 40 42
0 497 113 40 42
0 446 108 40 42
0 402 116 40 42
0 408 60 40 42
0 422 34 40 42
0 376 115 40 42
0 443 229 40 42
0 481 257 40 42
0 517 258 40 42
0 532 198 40 42
0 595 196 40 42
6 611 236 40 42
0 19 52 40 42
0 15 103 40 42
0 62 91 40 42
0 82 61 40 42
0 115 15 40 42
0 150 27 40 42
0 175 65 40 42
0 42 220 40 42
0 151 316 40 42
6 248 300 40 42
6 327 223 40 42
0 263 177 40 42
0 283 144 40 42
0 316 121 40 42
0 341 139 40 42
0 360 166 40 42
0 250 256 40 42
0 274 223 40 42
0 308 257 40 42
0 335 289 40 42
0 370 314 40 42
0 305 337 40 42
0 225 327 40 42
0 195 364 40 42
0 169 340 40 42
5 45 170 40 42
0 119 237 40 42
0 68 259 40 42
0 23 265 40 42
0 156 276 40 42
0 188 96 40 42
0 93 154 40 42
0 124 128 40 42
0 157 105 40 42
0 190 150 40 42
0 175 200 40 42
0 210 236 40 42
0 194 295 40 42
0 183 24 40 42
0 19 422 40 42
0 73 381 40 42
0 17 365 40 42
0 51 341 40 42
0 90 294 40 42
11 86 421 40 42
5 37 467 40 42
0 175 453 40 42
0 179 416 40 42
0 220 393 40 42
0 265 430 40 42
0 324 409 40 42
0 265 461 40 42
0 341 365 40 42
0 384 350 40 42
0 429 339 40 42
0 480 340 40 42
0 510 317 40 42
0 532 291 40 42
0 574 303 40 42
0 615 295 40 42
0 545 343 40 42
0 522 379 40 42
0 616 387 40 42
6 581 365 40 42
0 545 454 40 42
0 473 193 40 42
