0 604 100 40 42
0 444 47 40 42
9 562 362 40 42
9 453 415 40 42
9 322 80 40 42
9 277 79 40 42
9 356 65 40 42
5 275 432 40 42
5 317 234 40 42
6 195 431 40 42
9 326 113 40 42
0 626 24 40 42
0 600 67 40 42
0 551 20 40 42
0 532 59 40 42
0 532 110 40 42
0 491 143 40 42
0 545 148 40 42
11 607 154 40 42
0 445 88 40 42
0 483 72 40 42
2 418 18 40 42
0 371 21 40 42
0 318 40 40 42
0 257 35 40 42
0 371 93 40 42
0 400 130 40 42
0 326 147 40 42
0 279 148 40 42
0 245 119 40 42
6 124 85 40 42
2 47 58 40 42
0 67 22 40 42
0 100 45 40 42
0 75 97 40 42
0 134 15 40 42
0 171 39 40 42
0 188 86 40 42
0 222 39 40 42
0 183 137 40 42
0 132 130 40 42
0 87 156 40 42
0 97 201 40 42
0 184 182 40 42
0 252 209 40 42
0 351 188 40 42
0 394 170 40 42
0 437 177 40 42
0 440 211 40 42
0 480 228 40 42
0 571 186 40 42
0 620 186 40 42
0 569 225 40 42
0 545 265 40 42
6 514 257 40 42
6 424 277 40 42
0 20 342 40 42
0 157 389 40 42
2 475 467 40 42
0 30 249 40 42
0 17 288 40 42
0 108 231 40 42
0 97 267 40 42
0 82 310 40 42
0 136 287 40 42
0 178 249 40 42
0 190 302 40 42
0 162 325 40 42
0 109 337 40 42
0 136 358 40 42
0 32 378 40 42
0 87 400 40 42
0 116 439 40 42
0 157 430 40 42
0 196 389 40 42
0 230 354 40 42
0 228 308 40 42
0 254 260 40 42
0 293 262 40 42
0 362 252 40 42
5 320 315 40 42
0 385 318 40 42
0 421 363 40 42
0 435 321 40 42
0 482 285 40 42
0 477 323 40 42
1 520 344 40 42
0 617 260 40 42
0 606 302 40 42
0 589 337 40 42
0 596 460 40 42
0 490 443 40 42
0 552 462 40 42
0 388 379 40 42
0 355 399 40 42
0 321 373 40 42
0 253 394 40 42
11 363 454 40 42
0 47 460 40 42
0 5 464 40 42
