5 109 12 40 42
5 179 140 40 42
5 235 190 40 42
9 304 22 40 42
9 405 45 40 42
9 229 336 40 42
5 512 312 40 42
5 587 134 40 42
4 224 410 40 42
5 235 262 40 42
11 161 240 40 42
0 426 418 40 42
0 500 52 40 42
5 608 402 40 42
5 595 45 40 42
0 529 94 40 42
0 541 58 40 42
0 570 16 40 42
0 497 117 40 42
0 461 103 40 42
0 441 61 40 42
0 442 16 40 42
0 496 144 40 42
0 470 187 40 42
0 518 211 40 42
0 533 170 40 42
0 565 195 40 42
0 624 162 40 42
0 594 251 40 42
0 558 238 40 42
0 530 274 40 42
0 584 305 40 42
0 477 263 40 42
6 444 295 40 42
0 517 363 40 42
0 468 340 40 42
0 554 340 40 42
0 562 392 40 42
0 591 351 40 42
0 480 414 40 42
0 497 461 40 42
0 521 442 40 42
0 451 450 40 42
0 422 327 40 42
0 377 337 40 42
0 397 431 40 42
0 369 404 40 42
0 336 363 40 42
0 277 364 40 42
0 332 306 40 42
0 366 265 40 42
0 328 245 40 42
0 357 210 40 42
0 406 197 40 42
0 404 162 40 42
6 420 390 40 42
0 305 148 40 42
0 293 114 40 42
0 329 70 40 42
0 337 35 40 42
0 376 23 40 42
0 373 72 40 42
0 386 107 40 42
0 238 41 40 42
0 265 78 40 42
0 207 25 40 42
0 160 29 40 42
0 128 61 40 42
3 215 154 40 42
0 202 217 40 42
0 175 183 40 42
0 124 128 40 42
0 97 117 40 42
0 63 143 40 42
0 63 197 40 42
0 26 178 40 42
0 48 249 40 42
0 15 272 40 42
0 56 327 40 42
0 68 292 40 42
0 144 314 40 42
5 196 296 40 42
0 138 422 40 42
0 154 371 40 42
0 108 363 40 42
0 82 375 40 42
0 91 405 40 42
0 25 437 40 42
0 105 464 40 42
0 227 458 40 42
0 180 429 40 42
2 16 395 40 42
0 256 142 40 42
0 276 225 40 42
0 343 122 40 42
0 340 447 40 42
0 319 425 40 42
