3 159 412 40 42
3 242 336 40 42
3 319 280 40 42
3 551 168 40 42
3 272 127 40 42
0 267 89 40 42
0 492 350 40 42
4 521 435 40 42
4 518 400 40 42
4 354 431 40 42
4 363 379 40 42
4 385 349 40 42
4 387 310 40 42
4 346 331 40 42
4 299 370 40 42
4 255 375 40 42
4 219 420 40 42
4 152 452 40 42
4 46 445 40 42
4 36 338 40 42
4 112 356 40 42
4 148 378 40 42
4 220 311 40 42
4 172 275 40 42
4 227 255 40 42
4 277 300 40 42
4 408 267 40 42
4 378 235 40 42
4 338 249 40 42
4 415 214 40 42
4 459 250 40 42
4 450 299 40 42
4 498 284 40 42
4 535 245 40 42
4 565 274 40 42
4 541 327 40 42
4 610 315 40 42
4 620 361 40 42
4 584 395 40 42
4 628 411 40 42
4 622 267 40 42
4 554 206 40 42
4 628 125 40 42
4 622 76 40 42
4 510 84 40 42
4 517 156 40 42
4 460 57 40 42
4 441 14 40 42
4 276 39 40 42
4 194 43 40 42
4 182 88 40 42
4 361 89 40 42
4 337 46 40 42
4 416 74 40 42
4 307 185 40 42
4 248 183 40 42
4 247 212 40 42
4 211 171 40 42
4 165 172 40 42
4 214 126 40 42
4 147 115 40 42
4 99 123 40 42
4 92 72 40 42
4 99 32 40 42
4 147 65 40 42
4 25 29 40 42
4 35 64 40 42
4 43 192 40 42
4 8 150 40 42
4 47 229 40 42
4 91 205 40 42
4 129 201 40 42
4 137 235 40 42
4 63 276 40 42
4 98 262 40 42
4 133 278 40 42
4 302 445 40 42
9 432 134 40 42
9 576 103 40 42
4 347 12 40 42
4 394 6 40 42
3 165 25 40 42
3 175 340 40 42
9 75 381 40 42
2 550 455 40 42
9 567 345 40 42
11 584 150 40 42
4 600 8 40 42
2 361 128 40 42
2 416 39 40 42
4 431 455 40 42
4 600 214 40 42
9 13 111 40 42
4 237 454 40 42
