0 311 222 40 42
0 279 197 40 42
0 353 199 40 42
0 361 267 40 42
8 505 350 40 42
8 479 199 40 42
8 115 77 40 42
8 132 9 40 42
8 605 328 40 42
0 594 83 40 42
6 158 436 40 42
0 91 450 40 42
0 86 378 40 42
0 57 370 40 42
2 74 327 40 42
0 107 344 40 42
0 141 365 40 42
0 188 360 40 42
0 25 418 40 42
0 31 457 40 42
0 14 331 40 42
0 51 304 40 42
10 25 274 40 42
0 29 247 40 42
0 60 248 40 42
6 88 220 40 42
0 157 277 40 42
3 103 270 40 42
8 413 266 40 42
0 225 185 40 42
8 162 122 40 42
0 116 152 40 42
0 51 154 40 42
0 42 197 40 42
0 10 162 40 42
3 191 71 40 42
0 230 83 40 42
0 265 69 40 42
0 230 8 40 42
0 283 17 40 42
0 314 20 40 42
0 345 9 40 42
0 369 76 40 42
0 406 74 40 42
0 412 108 40 42
0 430 47 40 42
0 442 25 40 42
0 357 157 40 42
0 383 148 40 42
6 462 91 40 42
0 500 52 40 42
0 509 24 40 42
0 545 22 40 42
0 562 49 40 42
0 578 10 40 42
0 625 25 40 42
8 82 126 40 42
0 15 62 40 42
0 55 12 40 42
0 5 26 40 42
8 325 102 40 42
0 401 9 40 42
0 544 102 40 42
0 570 146 40 42
0 584 127 40 42
0 633 101 40 42
0 515 166 40 42
0 570 184 40 42
0 610 193 40 42
0 618 214 40 42
0 515 232 40 42
0 564 246 40 42
0 545 279 40 42
0 477 255 40 42
0 410 227 40 42
0 428 295 40 42
0 456 335 40 42
0 632 250 40 42
0 633 290 40 42
0 547 379 40 42
0 572 372 40 42
0 620 415 40 42
0 614 454 40 42
0 492 398 40 42
0 499 452 40 42
0 553 462 40 42
0 432 411 40 42
0 421 385 40 42
0 416 354 40 42
0 357 337 40 42
6 352 371 40 42
0 320 331 40 42
2 309 370 40 42
6 337 402 40 42
0 278 409 40 42
6 263 321 40 42
0 222 385 40 42
0 227 427 40 42
0 243 411 40 42
0 238 462 40 42
0 293 449 40 42
0 310 467 40 42
0 413 460 40 42
0 123 305 40 42
0 238 267 40 42
8 262 160 40 42
8 222 127 40 42
8 325 263 40 42
8 342 444 40 42
0 75 42 40 42
2 320 140 40 42
2 233 344 40 42
6 171 217 40 42
6 180 192 40 42
6 128 452 40 42
3 171 59 40 42
0 309 60 40 42
0 125 116 40 42
3 441 180 40 42
0 158 332 40 42
0 425 154 40 42
6 110 414 40 42
6 126 224 40 42
2 532 432 40 42
0 567 340 40 42
2 630 362 40 42
0 198 297 40 42
8 203 245 40 42
0 270 376 40 42
0 380 243 40 42
8 468 432 40 42
8 472 292 40 42
