0 518 79 40 42
0 59 401 40 42
9 436 341 40 42
9 526 286 40 42
0 202 397 40 42
3 358 347 40 42
9 534 462 40 42
0 604 152 40 42
0 290 196 40 42
6 620 21 40 42
6 570 25 40 42
6 529 22 40 42
6 458 24 40 42
6 435 51 40 42
6 465 89 40 42
6 509 119 40 42
6 595 100 40 42
6 558 114 40 42
6 529 157 40 42
6 553 177 40 42
6 510 196 40 42
6 468 212 40 42
0 411 92 40 42
6 404 132 40 42
0 354 194 40 42
6 363 105 40 42
6 370 65 40 42
6 326 83 40 42
6 290 75 40 42
6 317 33 40 42
6 292 128 40 42
6 246 155 40 42
6 245 95 40 42
6 186 95 40 42
6 213 61 40 42
6 164 72 40 42
6 129 102 40 42
6 108 66 40 42
6 262 49 40 42
6 274 6 40 42
6 57 56 40 42
6 81 96 40 42
6 54 122 40 42
6 100 178 40 42
6 138 162 40 42
6 160 226 40 42
6 126 257 40 42
6 87 275 40 42
6 108 326 40 42
6 61 326 40 42
6 207 246 40 42
6 254 272 40 42
6 297 249 40 42
6 273 296 40 42
6 287 328 40 42
6 317 300 40 42
6 361 225 40 42
6 404 232 40 42
6 442 240 40 42
6 238 231 40 42
6 200 197 40 42
6 490 252 40 42
6 574 232 40 42
6 629 284 40 42
6 603 330 40 42
6 547 350 40 42
6 547 314 40 42
6 511 379 40 42
6 472 357 40 42
6 491 324 40 42
6 468 287 40 42
6 433 282 40 42
6 412 322 40 42
6 418 382 40 42
6 361 387 40 42
6 315 379 40 42
6 267 367 40 42
6 229 427 40 42
6 229 466 40 42
6 109 415 40 42
6 87 442 40 42
6 35 437 40 42
6 171 381 40 42
6 572 438 40 42
6 531 428 40 42
6 567 404 40 42
6 616 391 40 42
6 493 461 40 42
6 452 432 40 42
6 400 423 40 42
6 483 405 40 42
6 305 465 40 42
6 14 280 40 42
6 152 314 40 42
6 35 170 40 42
6 353 142 40 42
6 5 15 40 42
6 320 270 40 42
6 278 422 40 42
6 197 345 40 42
6 115 381 40 42
6 139 353 40 42
3 361 429 40 42
6 40 257 40 42
3 144 40 40 42
6 57 19 40 42
9 105 141 40 42
6 167 140 40 42
0 153 195 40 42
6 17 324 40 42
3 378 316 40 42
3 377 280 40 42
0 205 162 40 42
6 591 296 40 42
6 559 273 40 42
6 572 371 40 42
