0 557 80 40 42
0 393 44 40 42
6 540 42 40 42
6 489 55 40 42
6 442 41 40 42
6 447 84 40 42
6 479 103 40 42
6 521 83 40 42
6 404 105 40 42
6 472 159 40 42
6 495 187 40 42
6 540 154 40 42
6 578 116 40 42
6 611 105 40 42
6 625 145 40 42
6 622 215 40 42
6 573 220 40 42
6 527 213 40 42
6 512 246 40 42
6 432 177 40 42
6 471 247 40 42
6 402 195 40 42
6 456 305 40 42
6 398 286 40 42
6 513 305 40 42
6 608 308 40 42
6 557 305 40 42
6 584 269 40 42
6 583 185 40 42
6 419 340 40 42
6 452 379 40 42
6 506 406 40 42
6 547 402 40 42
6 579 386 40 42
6 543 461 40 42
6 520 435 40 42
6 396 410 40 42
6 343 425 40 42
6 355 383 40 42
6 347 350 40 42
6 310 366 40 42
6 404 375 40 42
6 281 358 40 42
6 236 375 40 42
6 235 440 40 42
6 281 410 40 42
6 251 334 40 42
6 264 293 40 42
6 303 267 40 42
6 347 261 40 42
6 306 225 40 42
6 310 193 40 42
6 284 158 40 42
6 241 185 40 42
9 203 216 40 42
6 21 445 40 42
6 41 405 40 42
6 62 376 40 42
6 100 349 40 42
6 118 383 40 42
6 174 384 40 42
6 77 457 40 42
6 155 277 40 42
6 105 280 40 42
6 48 296 40 42
6 50 338 40 42
6 19 240 40 42
6 43 267 40 42
6 67 230 40 42
6 343 106 40 42
6 325 136 40 42
6 254 129 40 42
6 236 107 40 42
6 280 91 40 42
6 312 71 40 42
6 317 38 40 42
6 365 53 40 42
6 244 29 40 42
6 191 34 40 42
6 220 55 40 42
6 195 112 40 42
6 153 41 40 42
6 101 42 40 42
6 98 85 40 42
6 49 67 40 42
6 50 39 40 42
6 17 112 40 42
6 60 103 40 42
6 86 137 40 42
6 19 149 40 42
6 159 153 40 42
1 159 105 40 42
0 72 170 40 42
6 101 195 40 42
6 157 195 40 42
6 136 229 40 42
0 200 272 40 42
6 253 237 40 42
6 301 322 40 42
0 129 324 40 42
9 91 422 40 42
0 152 424 40 42
6 195 442 40 42
0 420 266 40 42
6 454 211 40 42
0 507 371 40 42
0 598 445 40 42
0 356 215 40 42
6 400 232 40 42
6 150 361 40 42
6 197 349 40 42
6 125 448 40 42
0 102 240 40 42
