0 574 11 40 42
0 380 221 40 42
0 120 230 40 42
3 127 75 40 42
3 152 46 40 42
9 523 228 40 42
9 452 459 40 42
6 619 27 40 42
6 598 62 40 42
6 580 100 40 42
6 571 136 40 42
6 546 160 40 42
6 457 186 40 42
6 434 161 40 42
6 400 146 40 42
6 354 130 40 42
6 372 110 40 42
6 434 120 40 42
6 465 92 40 42
6 416 78 40 42
6 417 41 40 42
6 491 65 40 42
6 504 35 40 42
6 555 42 40 42
6 535 75 40 42
6 502 121 40 42
6 526 108 40 42
6 470 137 40 42
6 580 188 40 42
6 346 83 40 42
0 458 11 40 42
6 251 50 40 42
0 286 79 40 42
6 249 463 40 42
6 317 413 40 42
6 335 337 40 42
6 388 310 40 42
6 317 277 40 42
6 403 268 40 42
6 512 255 40 42
6 562 249 40 42
6 550 356 40 42
6 505 384 40 42
6 453 417 40 42
6 350 445 40 42
6 396 425 40 42
6 180 425 40 42
6 128 448 40 42
6 82 447 40 42
6 47 410 40 42
6 64 384 40 42
5 107 372 40 42
3 457 296 40 42
6 118 296 40 42
6 119 267 40 42
6 157 247 40 42
6 87 337 40 42
6 125 330 40 42
6 53 270 40 42
6 87 196 40 42
6 118 153 40 42
6 87 142 40 42
6 72 121 40 42
6 29 142 40 42
6 94 87 40 42
6 100 38 40 42
6 189 291 40 42
6 225 278 40 42
6 246 255 40 42
6 265 245 40 42
6 287 199 40 42
6 246 181 40 42
6 213 167 40 42
6 321 185 40 42
3 199 133 40 42
6 171 102 40 42
6 167 147 40 42
6 213 100 40 42
6 238 80 40 42
6 362 186 40 42
6 337 232 40 42
6 161 380 40 42
3 177 460 40 42
6 190 350 40 42
6 520 445 40 42
5 616 348 40 42
6 525 320 40 42
6 578 319 40 42
6 549 281 40 42
6 237 421 40 42
6 205 393 40 42
6 632 240 40 42
6 596 224 40 42
6 602 272 40 42
6 633 302 40 42
6 432 242 40 42
6 468 259 40 42
6 462 363 40 42
0 497 346 40 42
6 415 390 40 42
6 380 353 40 42
6 23 340 40 42
6 150 192 40 42
6 163 322 40 42
6 38 93 40 42
6 176 19 40 42
6 197 61 40 42
0 362 282 40 42
0 301 244 40 42
3 608 384 40 42
0 75 237 40 42
6 281 129 40 42
6 423 323 40 42
