4 153 427 40 42
4 145 340 40 42
4 108 312 40 42
4 143 206 40 42
4 123 272 40 42
4 174 264 40 42
4 187 219 40 42
4 70 257 40 42
4 84 212 40 42
4 77 162 40 42
4 130 148 40 42
4 71 112 40 42
4 122 79 40 42
4 212 170 40 42
4 313 163 40 42
4 174 369 40 42
4 188 413 40 42
4 235 428 40 42
4 372 317 40 42
4 338 350 40 42
4 415 300 40 42
4 435 240 40 42
4 396 107 40 42
4 406 46 40 42
4 439 98 40 42
4 459 66 40 42
4 465 27 40 42
4 493 305 40 42
4 514 349 40 42
4 559 328 40 42
4 378 443 40 42
4 439 399 40 42
4 602 280 40 42
0 295 318 40 42
6 175 93 40 42
4 260 49 40 42
