0 128 128 40 42
6 579 203 40 42
6 557 176 40 42
6 549 148 40 42
6 557 115 40 42
6 585 99 40 42
6 541 79 40 42
6 566 39 40 42
6 510 141 40 42
6 470 173 40 42
6 441 184 40 42
6 506 205 40 42
6 513 255 40 42
6 546 227 40 42
9 570 245 40 42
6 622 213 40 42
6 610 260 40 42
6 572 282 40 42
6 492 291 40 42
6 456 320 40 42
6 489 457 40 42
6 436 458 40 42
6 407 436 40 42
6 370 420 40 42
6 388 363 40 42
6 348 375 40 42
0 304 352 40 42
0 336 319 40 42
6 419 335 40 42
6 511 425 40 42
6 504 373 40 42
6 547 358 40 42
2 503 346 40 42
6 599 352 40 42
6 563 324 40 42
6 583 428 40 42
6 240 448 40 42
6 209 464 40 42
6 209 409 40 42
6 193 376 40 42
6 188 337 40 42
6 203 308 40 42
6 255 315 40 42
6 262 272 40 42
6 215 279 40 42
6 302 299 40 42
6 330 253 40 42
6 371 304 40 42
6 297 192 40 42
6 156 227 40 42
6 205 215 40 42
6 164 182 40 42
6 212 170 40 42
6 184 253 40 42
6 181 284 40 42
6 122 280 40 42
6 94 299 40 42
6 47 305 40 42
6 21 353 40 42
6 120 328 40 42
6 43 415 40 42
6 126 405 40 42
6 102 440 40 42
0 162 414 40 42
0 46 452 40 42
0 293 458 40 42
6 168 457 40 42
6 421 120 40 42
6 386 126 40 42
6 268 112 40 42
6 157 120 40 42
6 163 89 40 42
6 84 39 40 42
6 13 60 40 42
6 71 152 40 42
6 54 193 40 42
6 136 48 40 42
6 195 61 40 42
6 317 28 40 42
6 292 44 40 42
6 433 27 40 42
6 475 18 40 42
6 450 89 40 42
6 130 160 40 42
6 13 174 40 42
0 51 234 40 42
0 67 107 40 42
9 31 95 40 42
9 420 400 40 42
5 125 373 40 42
6 259 416 40 42
0 462 393 40 42
0 548 465 40 42
0 632 127 40 42
0 485 80 40 42
9 507 50 40 42
6 411 59 40 42
6 467 114 40 42
6 374 85 40 42
6 330 103 40 42
6 283 74 40 42
6 17 138 40 42
0 35 23 40 42
0 143 15 40 42
6 193 21 40 42
6 365 43 40 42
6 350 11 40 42
6 232 30 40 42
6 245 214 40 42
6 280 160 40 42
6 217 128 40 42
6 346 143 40 42
0 410 193 40 42
0 465 52 40 42
6 322 182 40 42
6 342 224 40 42
6 387 241 40 42
