6 115 313 40 42
6 207 341 40 42
6 264 301 40 42
6 277 356 40 42
6 207 384 40 42
6 211 415 40 42
6 120 416 40 42
6 235 441 40 42
6 285 440 40 42
6 333 426 40 42
6 408 407 40 42
6 452 402 40 42
6 477 355 40 42
6 515 316 40 42
6 481 312 40 42
6 497 268 40 42
6 568 370 40 42
6 477 425 40 42
6 487 203 40 42
6 495 125 40 42
6 544 87 40 42
6 601 60 40 42
6 314 112 40 42
6 402 87 40 42
6 313 61 40 42
6 162 124 40 42
6 217 235 40 42
6 90 208 40 42
6 15 69 40 42
6 42 41 40 42
6 98 63 40 42
6 104 27 40 42
6 152 41 40 42
6 60 91 40 42
6 193 30 40 42
6 477 52 40 42
6 478 17 40 42
6 513 55 40 42
6 620 268 40 42
6 622 324 40 42
6 602 419 40 42
6 541 409 40 42
6 435 313 40 42
6 456 248 40 42
6 535 218 40 42
6 582 185 40 42
6 601 165 40 42
6 534 164 40 42
6 368 377 40 42
6 337 332 40 42
6 359 306 40 42
6 16 328 40 42
6 146 201 40 42
6 123 228 40 42
6 20 155 40 42
6 94 141 40 42
6 115 101 40 42
6 237 174 40 42
6 290 177 40 42
6 312 153 40 42
6 278 129 40 42
6 270 88 40 42
6 347 22 40 42
6 376 278 40 42
9 356 214 40 42
9 259 265 40 42
9 501 175 40 42
9 497 468 40 42
0 612 12 40 42
0 557 37 40 42
0 438 107 40 42
0 483 89 40 42
6 419 144 40 42
6 607 105 40 42
6 362 178 40 42
6 393 209 40 42
6 293 255 40 42
6 337 241 40 42
6 138 158 40 42
6 181 314 40 42
6 370 433 40 42
6 72 383 40 42
0 571 146 40 42
0 533 122 40 42
0 423 20 40 42
0 384 51 40 42
0 372 135 40 42
6 355 93 40 42
0 226 89 40 42
0 251 39 40 42
0 190 97 40 42
0 221 124 40 42
9 184 182 40 42
0 55 209 40 42
0 58 164 40 42
0 47 128 40 42
0 30 252 40 42
0 49 292 40 42
6 204 280 40 42
6 135 292 40 42
6 177 235 40 42
6 128 364 40 42
6 40 402 40 42
6 80 432 40 42
6 12 452 40 42
6 145 462 40 42
6 294 324 40 42
6 309 369 40 42
0 332 277 40 42
5 314 211 40 42
0 417 280 40 42
0 393 334 40 42
6 436 357 40 42
6 493 397 40 42
6 252 396 40 42
6 164 435 40 42
6 447 210 40 42
0 406 243 40 42
0 577 292 40 42
0 606 389 40 42
