6 284 349 40 42
6 341 351 40 42
6 275 381 40 42
6 311 266 40 42
6 323 296 40 42
6 375 235 40 42
6 290 240 40 42
6 339 405 40 42
6 456 342 40 42
6 506 255 40 42
6 533 235 40 42
6 464 132 40 42
6 434 113 40 42
6 402 130 40 42
6 401 172 40 42
6 311 162 40 42
6 349 140 40 42
6 307 122 40 42
6 263 112 40 42
6 257 432 40 42
6 507 358 40 42
6 592 258 40 42
6 358 448 40 42
6 88 225 40 42
6 82 140 40 42
6 182 38 40 42
6 164 65 40 42
6 195 124 40 42
6 257 72 40 42
6 576 425 40 42
6 616 372 40 42
6 588 142 40 42
6 510 132 40 42
6 550 73 40 42
6 577 66 40 42
6 628 63 40 42
6 450 53 40 42
6 395 62 40 42
6 430 16 40 42
6 412 209 40 42
6 242 235 40 42
6 240 210 40 42
6 201 200 40 42
6 234 260 40 42
5 105 382 40 42
6 462 432 40 42
6 420 414 40 42
6 385 271 40 42
6 15 334 40 42
6 25 93 40 42
6 53 31 40 42
6 25 63 40 42
6 21 203 40 42
6 397 308 40 42
6 541 157 40 42
6 440 294 40 42
6 170 262 40 42
6 129 265 40 42
6 65 82 40 42
6 473 311 40 42
6 330 80 40 42
0 404 375 40 42
0 605 109 40 42
0 38 409 40 42
0 82 458 40 42
0 350 47 40 42
6 217 334 40 42
6 297 205 40 42
0 41 299 40 42
