6 453 335 40 42
6 481 379 40 42
6 467 412 40 42
6 311 380 40 42
6 184 454 40 42
6 135 422 40 42
6 105 449 40 42
6 43 401 40 42
6 192 230 40 42
6 163 249 40 42
6 598 279 40 42
6 494 322 40 42
6 482 441 40 42
6 425 43 40 42
6 405 21 40 42
6 467 92 40 42
6 512 127 40 42
6 495 98 40 42
6 507 165 40 42
6 437 211 40 42
6 440 175 40 42
6 257 204 40 42
6 300 230 40 42
6 333 204 40 42
6 369 196 40 42
6 374 164 40 42
3 158 195 40 42
6 100 271 40 42
6 66 284 40 42
6 43 176 40 42
6 74 158 40 42
6 52 132 40 42
6 36 117 40 42
6 45 57 40 42
6 82 24 40 42
6 124 37 40 42
6 210 18 40 42
6 247 35 40 42
6 335 35 40 42
6 142 129 40 42
6 185 133 40 42
6 247 145 40 42
6 218 211 40 42
6 256 287 40 42
6 277 270 40 42
6 227 337 40 42
6 150 327 40 42
6 108 376 40 42
6 145 370 40 42
6 367 268 40 42
6 375 307 40 42
6 336 307 40 42
6 432 300 40 42
6 460 265 40 42
6 462 240 40 42
6 429 376 40 42
9 585 431 40 42
6 330 454 40 42
6 480 212 40 42
6 525 297 40 42
6 574 192 40 42
6 601 170 40 42
6 626 456 40 42
6 588 227 40 42
6 285 115 40 42
6 87 337 40 42
6 107 314 40 42
6 77 82 40 42
6 510 251 40 42
6 402 446 40 42
6 30 449 40 42
6 288 50 40 42
6 315 139 40 42
0 157 103 40 42
2 363 350 40 42
