6 247 164 40 42
6 238 236 40 42
6 296 261 40 42
6 319 192 40 42
6 277 54 40 42
6 238 21 40 42
6 172 30 40 42
6 134 51 40 42
6 95 58 40 42
6 85 100 40 42
6 79 149 40 42
6 96 188 40 42
6 283 123 40 42
6 5 341 40 42
6 105 345 40 42
6 63 417 40 42
6 48 454 40 42
6 94 464 40 42
6 102 421 40 42
6 142 419 40 42
6 215 409 40 42
6 183 399 40 42
6 172 350 40 42
6 437 27 40 42
6 339 27 40 42
6 357 61 40 42
6 320 91 40 42
6 338 133 40 42
6 350 168 40 42
6 392 162 40 42
6 410 192 40 42
6 484 57 40 42
6 525 46 40 42
6 546 74 40 42
6 586 20 40 42
6 631 39 40 42
6 592 81 40 42
6 585 144 40 42
6 616 171 40 42
6 373 344 40 42
6 308 340 40 42
6 261 333 40 42
6 322 376 40 42
6 279 390 40 42
6 200 464 40 42
6 207 379 40 42
6 421 393 40 42
6 385 419 40 42
6 480 428 40 42
6 418 345 40 42
6 393 304 40 42
6 550 185 40 42
6 510 145 40 42
6 491 190 40 42
6 465 128 40 42
6 47 91 40 42
6 152 234 40 42
6 113 270 40 42
6 201 142 40 42
6 254 92 40 42
6 414 227 40 42
6 525 340 40 42
6 517 385 40 42
6 238 459 40 42
6 256 283 40 42
6 216 183 40 42
3 411 112 40 42
0 22 293 40 42
0 285 442 40 42
0 152 155 40 42
5 305 50 40 42
0 157 282 40 42
0 176 107 40 42
0 117 119 40 42
6 326 225 40 42
6 354 287 40 42
6 327 307 40 42
6 484 460 40 42
6 491 263 40 42
6 478 232 40 42
6 576 232 40 42
6 616 273 40 42
6 549 10 40 42
9 570 283 40 42
9 415 260 40 42
6 68 362 40 42
6 21 387 40 42
6 256 367 40 42
6 438 168 40 42
6 627 72 40 42
6 131 16 40 42
6 324 415 40 42
6 345 455 40 42
6 572 352 40 42
