6 460 107 40 42
6 387 95 40 42
7 362 29 40 42
6 286 120 40 42
6 247 101 40 42
6 256 68 40 42
6 325 143 40 42
6 255 163 40 42
6 169 156 40 42
6 157 125 40 42
6 180 214 40 42
6 155 182 40 42
6 104 215 40 42
6 155 237 40 42
6 205 202 40 42
6 249 199 40 42
6 297 206 40 42
6 296 237 40 42
6 353 231 40 42
6 363 170 40 42
6 385 207 40 42
6 393 148 40 42
6 416 124 40 42
6 460 23 40 42
6 605 287 40 42
6 480 268 40 42
6 430 276 40 42
6 240 350 40 42
6 218 326 40 42
6 261 267 40 42
6 212 290 40 42
6 170 280 40 42
9 188 339 40 42
9 535 161 40 42
6 422 457 40 42
6 380 390 40 42
6 489 346 40 42
6 443 350 40 42
6 517 346 40 42
6 542 458 40 42
6 490 437 40 42
6 455 445 40 42
6 144 393 40 42
6 77 375 40 42
6 46 346 40 42
6 14 302 40 42
6 56 254 40 42
6 69 326 40 42
6 201 381 40 42
6 74 442 40 42
6 27 169 40 42
6 72 150 40 42
6 93 105 40 42
6 66 80 40 42
6 30 64 40 42
6 98 59 40 42
6 193 102 40 42
6 114 274 40 42
6 343 111 40 42
6 325 77 40 42
6 329 22 40 42
6 535 85 40 42
6 449 54 40 42
6 541 12 40 42
6 593 17 40 42
6 627 55 40 42
6 606 230 40 42
6 598 188 40 42
6 592 155 40 42
6 601 97 40 42
6 252 431 40 42
