7 434 119 40 42
0 491 41 40 42
0 277 283 40 42
0 256 235 40 42
0 358 130 40 42
0 74 94 40 42
0 129 77 40 42
0 288 78 40 42
0 320 60 40 42
0 365 40 40 42
0 436 34 40 42
0 135 20 40 42
0 88 39 40 42
0 23 31 40 42
0 150 129 40 42
0 156 187 40 42
0 199 115 40 42
0 194 240 40 42
0 232 209 40 42
0 148 252 40 42
0 71 277 40 42
0 103 258 40 42
0 120 369 40 42
0 108 404 40 42
0 65 439 40 42
0 120 457 40 42
0 30 467 40 42
0 18 228 40 42
0 18 192 40 42
0 191 315 40 42
0 289 359 40 42
0 338 369 40 42
0 351 471 40 42
0 400 461 40 42
0 395 290 40 42
0 400 334 40 42
0 409 378 40 42
0 177 42 40 42
0 236 265 40 42
0 152 399 40 42
6 203 398 40 42
0 196 449 40 42
0 257 466 40 42
0 306 218 40 42
0 349 243 40 42
0 354 206 40 42
0 319 264 40 42
0 410 239 40 42
0 465 215 40 42
0 534 301 40 42
0 527 383 40 42
0 464 450 40 42
0 557 439 40 42
0 587 463 40 42
0 582 403 40 42
0 587 357 40 42
0 547 349 40 42
0 548 151 40 42
0 583 184 40 42
0 500 113 40 42
0 548 63 40 42
0 500 470 40 42
0 627 220 40 42
0 623 184 40 42
0 66 144 40 42
0 468 10 40 42
2 339 13 40 42
0 303 11 40 42
0 62 4 40 42
0 570 16 40 42
0 519 16 40 42
0 615 135 40 42
0 553 193 40 42
0 616 284 40 42
0 576 312 40 42
0 493 259 40 42
0 13 338 40 42
2 479 347 40 42
0 628 357 40 42
0 635 405 40 42
0 622 434 40 42
0 398 425 40 42
6 280 405 40 42
0 22 296 40 42
0 9 422 40 42
0 12 376 40 42
0 240 340 40 42
9 324 158 40 42
6 126 321 40 42
6 30 157 40 42
6 110 202 40 42
0 265 136 40 42
0 230 85 40 42
6 353 315 40 42
6 485 307 40 42
0 313 117 40 42
9 369 75 40 42
9 397 91 40 42
2 406 192 40 42
0 437 163 40 42
6 560 229 40 42
6 580 262 40 42
0 354 416 40 42
0 445 413 40 42
0 487 419 40 42
0 541 110 40 42
0 590 100 40 42
0 77 186 40 42
0 232 422 40 42
0 617 347 40 42
