6 468 286 40 42
0 334 365 40 42
0 87 389 40 42
0 539 308 40 42
0 404 112 40 42
0 69 241 40 42
0 45 345 40 42
0 183 416 40 42
0 141 430 40 42
0 221 297 40 42
0 127 463 40 42
0 199 149 40 42
0 190 100 40 42
0 227 78 40 42
0 225 44 40 42
0 190 13 40 42
0 138 29 40 42
0 85 61 40 42
0 44 43 40 42
0 14 77 40 42
0 69 136 40 42
0 97 113 40 42
0 125 140 40 42
0 35 197 40 42
0 31 293 40 42
0 98 295 40 42
0 174 311 40 42
0 155 276 40 42
0 206 372 40 42
0 222 347 40 42
0 267 320 40 42
0 276 278 40 42
0 302 234 40 42
0 248 217 40 42
0 235 185 40 42
6 260 127 40 42
0 281 70 40 42
0 269 384 40 42
0 274 421 40 42
0 230 453 40 42
0 325 421 40 42
0 322 461 40 42
0 368 471 40 42
0 406 461 40 42
0 398 415 40 42
0 424 332 40 42
6 372 147 40 42
0 342 179 40 42
0 419 212 40 42
0 383 63 40 42
0 410 34 40 42
0 437 58 40 42
0 474 70 40 42
0 477 118 40 42
0 538 79 40 42
0 583 115 40 42
0 579 180 40 42
0 497 262 40 42
0 438 262 40 42
0 359 259 40 42
0 359 312 40 42
0 475 340 40 42
0 507 360 40 42
0 591 394 40 42
0 601 420 40 42
0 51 428 40 42
0 608 224 40 42
0 594 282 40 42
0 620 317 40 42
0 578 347 40 42
0 85 344 40 42
0 513 466 40 42
0 4 459 40 42
0 50 463 40 42
0 8 422 40 42
0 630 352 40 42
0 17 234 40 42
0 621 163 40 42
0 8 150 40 42
0 19 116 40 42
0 556 8 40 42
0 463 9 40 42
0 378 11 40 42
0 332 8 40 42
0 242 7 40 42
3 130 232 40 42
3 404 368 40 42
3 309 87 40 42
9 586 255 40 42
0 366 348 40 42
0 138 179 40 42
7 465 148 40 42
7 418 163 40 42
0 523 180 40 42
6 317 26 40 42
0 320 139 40 42
2 159 353 40 42
0 542 444 40 42
0 503 393 40 42
0 492 437 40 42
0 559 232 40 42
0 356 78 40 42
0 186 209 40 42
0 535 136 40 42
0 573 48 40 42
6 406 293 40 42
