7 517 230 40 42
7 311 168 40 42
7 381 293 40 42
9 385 241 40 42
9 396 115 40 42
9 468 150 40 42
9 416 216 40 42
6 455 442 40 42
6 38 91 40 42
6 59 23 40 42
6 70 228 40 42
6 452 20 40 42
6 292 34 40 42
6 189 34 40 42
2 221 115 40 42
2 91 110 40 42
4 465 323 40 42
4 422 369 40 42
4 609 230 40 42
4 594 188 40 42
4 625 138 40 42
4 68 388 40 42
9 94 310 40 42
0 290 75 40 42
0 259 84 40 42
0 126 41 40 42
0 37 196 40 42
0 7 205 40 42
0 148 260 40 42
0 71 283 40 42
0 35 344 40 42
0 225 344 40 42
0 191 351 40 42
0 167 346 40 42
0 163 381 40 42
0 116 370 40 42
0 68 456 40 42
0 280 340 40 42
0 278 385 40 42
0 231 436 40 42
0 241 265 40 42
0 251 217 40 42
0 253 177 40 42
0 237 141 40 42
0 196 178 40 42
6 270 139 40 42
0 168 213 40 42
0 146 211 40 42
0 165 175 40 42
0 198 72 40 42
0 246 32 40 42
0 348 103 40 42
0 306 127 40 42
6 426 144 40 42
0 515 146 40 42
0 578 134 40 42
0 474 190 40 42
0 423 189 40 42
0 462 238 40 42
0 488 270 40 42
0 437 277 40 42
4 624 299 40 42
0 515 387 40 42
0 525 338 40 42
0 529 312 40 42
0 597 386 40 42
0 348 437 40 42
0 455 409 40 42
0 495 380 40 42
8 595 342 40 42
8 403 417 40 42
0 390 39 40 42
0 425 52 40 42
0 582 17 40 42
7 313 421 40 42
