4 87 306 40 42
4 378 244 40 42
4 523 159 40 42
4 255 188 40 42
0 108 51 40 42
6 383 293 40 42
0 387 397 40 42
0 582 291 40 42
6 70 249 40 42
0 157 385 40 42
10 611 125 40 42
10 604 100 40 42
10 421 371 40 42
10 415 338 40 42
10 298 337 40 42
10 262 337 40 42
10 231 318 40 42
10 217 285 40 42
10 172 429 40 42
10 170 455 40 42
10 298 102 40 42
10 338 91 40 42
10 590 412 40 42
10 620 412 40 42
6 453 275 40 42
10 431 148 40 42
10 409 170 40 42
7 227 33 40 42
9 574 181 40 42
11 124 212 40 42
11 277 289 40 42
