11 243 334 40 42
11 191 291 40 42
11 130 299 40 42
11 72 251 40 42
11 136 145 40 42
11 280 232 40 42
11 227 243 40 42
11 156 231 40 42
11 91 291 40 42
11 75 318 40 42
11 78 367 40 42
11 79 410 40 42
11 257 450 40 42
11 304 444 40 42
11 283 337 40 42
11 346 309 40 42
11 341 190 40 42
11 533 332 40 42
11 429 415 40 42
11 511 437 40 42
11 604 304 40 42
11 600 261 40 42
11 437 17 40 42
11 497 85 40 42
11 329 74 40 42
11 231 46 40 42
9 480 161 40 42
9 457 112 40 42
11 552 232 40 42
11 168 200 40 42
11 43 97 40 42
10 500 394 40 42
10 526 391 40 42
10 179 381 40 42
10 158 389 40 42
10 155 32 40 42
10 122 41 40 42
10 150 76 40 42
10 131 86 40 42
10 98 76 40 42
10 483 20 40 42
10 508 42 40 42
10 357 110 40 42
10 378 105 40 42
9 303 245 40 42
0 112 253 40 42
9 485 423 40 42
6 373 342 40 42
6 252 104 40 42
0 507 160 40 42
10 580 57 40 42
10 603 33 40 42
11 603 89 40 42
11 388 190 40 42
10 115 182 40 42
10 110 212 40 42
11 235 277 40 42
11 32 405 40 42
