11 175 389 40 42
11 154 259 40 42
11 200 246 40 42
11 145 142 40 42
11 118 55 40 42
11 30 123 40 42
11 318 72 40 42
11 436 51 40 42
11 491 29 40 42
11 539 29 40 42
11 526 122 40 42
11 500 385 40 42
11 576 461 40 42
11 268 377 40 42
11 195 310 40 42
10 480 346 40 42
10 457 340 40 42
10 224 437 40 42
10 204 433 40 42
10 112 212 40 42
10 93 194 40 42
10 215 86 40 42
10 215 59 40 42
10 481 67 40 42
10 508 70 40 42
2 400 249 40 42
9 434 176 40 42
9 464 207 40 42
2 577 43 40 42
11 592 126 40 42
11 574 165 40 42
11 355 227 40 42
11 39 409 40 42
11 119 338 40 42
11 67 320 40 42
10 108 420 40 42
10 138 416 40 42
11 242 268 40 42
11 221 131 40 42
10 417 125 40 42
10 394 110 40 42
