11 456 310 40 42
11 488 227 40 42
11 326 177 40 42
11 354 143 40 42
11 283 58 40 42
11 195 114 40 42
11 189 183 40 42
11 201 239 40 42
11 237 274 40 42
11 55 48 40 42
11 32 145 40 42
11 47 387 40 42
11 306 403 40 42
11 348 397 40 42
11 430 432 40 42
11 525 75 40 42
11 430 109 40 42
11 407 261 40 42
10 503 33 40 42
10 484 29 40 42
10 195 31 40 42
10 179 44 40 42
10 107 31 40 42
10 84 12 40 42
11 43 112 40 42
9 92 159 40 42
10 497 272 40 42
10 470 268 40 42
10 540 254 40 42
10 547 312 40 42
10 496 307 40 42
10 495 341 40 42
10 504 359 40 42
10 150 195 40 42
10 126 187 40 42
10 122 80 40 42
10 92 79 40 42
10 157 256 40 42
10 170 272 40 42
10 129 350 40 42
10 105 380 40 42
10 24 314 40 42
10 61 281 40 42
10 44 290 40 42
9 420 173 40 42
9 277 116 40 42
11 618 331 40 42
11 457 403 40 42
11 444 359 40 42
10 287 310 40 42
10 297 278 40 42
9 217 204 40 42
6 346 236 40 42
10 596 57 40 42
10 621 47 40 42
