11 303 387 40 42
11 84 394 40 42
11 118 394 40 42
11 45 396 40 42
11 41 458 40 42
11 141 454 40 42
11 127 317 40 42
11 142 275 40 42
11 185 245 40 42
11 186 323 40 42
11 211 354 40 42
11 227 298 40 42
11 97 164 40 42
11 29 164 40 42
11 150 97 40 42
11 118 132 40 42
11 97 100 40 42
11 55 127 40 42
11 174 199 40 42
11 361 111 40 42
11 442 15 40 42
11 504 44 40 42
11 535 152 40 42
11 600 139 40 42
11 549 100 40 42
11 621 22 40 42
11 422 226 40 42
11 418 336 40 42
11 383 344 40 42
11 379 382 40 42
11 377 430 40 42
11 421 385 40 42
11 432 420 40 42
11 331 204 40 42
11 470 177 40 42
11 101 352 40 42
9 275 22 40 42
9 140 57 40 42
11 213 452 40 42
10 470 371 40 42
10 495 365 40 42
10 314 444 40 42
10 325 458 40 42
10 267 408 40 42
10 247 408 40 42
10 50 322 40 42
10 45 352 40 42
10 105 435 40 42
10 352 292 40 42
10 343 317 40 42
10 369 263 40 42
10 379 247 40 42
10 603 300 40 42
10 626 320 40 42
10 246 129 40 42
10 271 119 40 42
11 368 28 40 42
11 35 282 40 42
6 614 383 40 42
