9 411 210 40 42
9 138 102 40 42
9 102 93 40 42
9 69 117 40 42
9 204 74 40 42
9 177 56 40 42
10 110 252 40 42
10 80 274 40 42
11 510 422 40 42
11 405 424 40 42
11 507 167 40 42
11 498 214 40 42
11 586 244 40 42
11 537 245 40 42
10 54 329 40 42
10 88 336 40 42
11 253 414 40 42
11 172 303 40 42
11 125 302 40 42
11 161 450 40 42
11 133 184 40 42
11 79 188 40 42
11 35 47 40 42
11 237 110 40 42
6 174 120 40 42
0 249 171 40 42
6 270 355 40 42
11 319 350 40 42
11 549 315 40 42
10 419 100 40 42
10 440 110 40 42
11 566 29 40 42
