11 241 310 40 42
11 207 281 40 42
11 160 168 40 42
11 75 257 40 42
11 200 82 40 42
11 235 75 40 42
11 111 106 40 42
11 425 37 40 42
11 465 40 40 42
11 451 196 40 42
11 369 250 40 42
11 286 214 40 42
11 270 166 40 42
11 280 340 40 42
11 291 443 40 42
11 179 399 40 42
11 65 422 40 42
10 359 367 40 42
10 379 347 40 42
10 154 122 40 42
10 155 101 40 42
10 206 164 40 42
10 226 180 40 42
11 244 462 40 42
11 270 399 40 42
11 506 441 40 42
7 498 172 40 42
2 547 170 40 42
10 62 61 40 42
10 70 40 40 42
6 304 286 40 42
0 276 260 40 42
6 217 389 40 42
