2 388 263 40 42
6 504 355 40 42
6 540 329 40 42
6 378 220 40 42
6 472 213 40 42
6 567 122 40 42
6 328 460 40 42
6 547 62 40 42
3 39 109 40 42
0 536 18 40 42
0 509 71 40 42
6 535 98 40 42
3 585 152 40 42
0 472 110 40 42
0 482 149 40 42
0 434 112 40 42
0 446 53 40 42
0 395 69 40 42
0 440 18 40 42
0 362 31 40 42
0 408 160 40 42
0 304 38 40 42
0 257 45 40 42
0 284 89 40 42
3 235 170 40 42
0 131 98 40 42
0 121 42 40 42
0 80 79 40 42
6 102 163 40 42
6 65 200 40 42
6 160 210 40 42
6 207 195 40 42
6 42 256 40 42
3 24 350 40 42
0 191 261 40 42
0 230 263 40 42
0 193 309 40 42
0 240 312 40 42
0 299 380 40 42
6 422 295 40 42
0 435 232 40 42
0 50 324 40 42
0 33 387 40 42
0 33 441 40 42
0 89 417 40 42
0 249 389 40 42
0 223 428 40 42
0 276 455 40 42
0 158 418 40 42
0 500 401 40 42
0 610 288 40 42
