9 282 362 40 42
9 43 115 40 42
11 298 430 40 42
11 120 304 40 42
11 56 305 40 42
11 154 52 40 42
11 161 146 40 42
11 173 187 40 42
11 189 225 40 42
11 219 191 40 42
11 527 77 40 42
11 424 86 40 42
11 333 27 40 42
11 388 36 40 42
11 416 191 40 42
11 377 266 40 42
11 606 212 40 42
11 434 458 40 42
11 338 419 40 42
6 201 437 40 42
4 270 64 40 42
11 502 239 40 42
10 367 356 40 42
10 393 361 40 42
10 457 108 40 42
10 440 126 40 42
10 115 175 40 42
10 128 195 40 42
11 323 127 40 42
11 210 121 40 42
11 64 158 40 42
11 250 257 40 42
11 501 150 40 42
11 248 347 40 42
2 595 42 40 42
11 424 36 40 42
