11 96 397 40 42
11 332 324 40 42
11 430 288 40 42
11 480 289 40 42
11 237 279 40 42
11 207 194 40 42
11 403 189 40 42
11 290 152 40 42
11 150 71 40 42
11 333 78 40 42
11 555 143 40 42
11 500 434 40 42
11 247 342 40 42
11 153 417 40 42
11 90 137 40 42
11 317 177 40 42
11 557 379 40 42
11 609 290 40 42
11 602 66 40 42
11 468 59 40 42
10 470 163 40 42
10 444 147 40 42
9 267 64 40 42
9 296 103 40 42
10 44 145 40 42
10 23 163 40 42
9 470 361 40 42
9 480 387 40 42
9 445 332 40 42
9 210 421 40 42
9 39 394 40 42
9 270 317 40 42
11 124 347 40 42
11 149 198 40 42
11 334 15 40 42
11 417 359 40 42
11 568 298 40 42
11 564 92 40 42
10 384 381 40 42
10 388 412 40 42
11 296 365 40 42
11 56 318 40 42
11 50 267 40 42
11 246 226 40 42
11 494 245 40 42
11 522 112 40 42
11 542 221 40 42
