6 34 223 40 42
6 310 138 40 42
6 377 47 40 42
6 310 37 40 42
8 312 370 40 42
8 465 228 40 42
8 496 159 40 42
8 437 130 40 42
6 577 96 40 42
6 602 126 40 42
0 485 322 40 42
6 142 273 40 42
6 33 178 40 42
0 359 275 40 42
6 282 284 40 42
6 285 220 40 42
6 360 187 40 42
6 378 156 40 42
2 219 191 40 42
0 135 73 40 42
0 430 69 40 42
2 310 418 40 42
0 32 402 40 42
0 47 367 40 42
6 45 291 40 42
6 106 113 40 42
0 285 101 40 42
2 441 157 40 42
6 550 369 40 42
3 495 194 40 42
11 443 390 40 42
0 325 249 40 42
6 67 107 40 42
0 572 223 40 42
0 514 235 40 42
