6 350 202 40 42
6 184 133 40 42
6 375 315 40 42
6 325 307 40 42
6 424 317 40 42
0 415 32 40 42
0 543 119 40 42
0 610 150 40 42
0 362 132 40 42
0 316 111 40 42
0 331 67 40 42
0 195 15 40 42
0 146 31 40 42
0 111 24 40 42
0 53 75 40 42
6 106 70 40 42
0 161 183 40 42
0 249 120 40 42
0 205 96 40 42
0 161 281 40 42
0 123 275 40 42
0 104 232 40 42
0 54 290 40 42
0 184 241 40 42
0 221 216 40 42
0 126 95 40 42
0 42 149 40 42
0 72 167 40 42
6 55 252 40 42
0 18 229 40 42
3 45 196 40 42
6 312 185 40 42
3 413 155 40 42
0 370 237 40 42
0 461 137 40 42
0 418 111 40 42
0 318 378 40 42
0 370 369 40 42
0 343 424 40 42
0 618 353 40 42
0 605 388 40 42
0 552 329 40 42
0 515 310 40 42
0 467 306 40 42
0 533 236 40 42
0 631 227 40 42
0 346 466 40 42
0 387 421 40 42
0 34 430 40 42
0 86 428 40 42
6 225 417 40 42
