0 174 237 40 42
6 202 405 40 42
6 498 65 40 42
1 402 171 40 42
6 445 254 40 42
6 375 207 40 42
6 286 243 40 42
6 142 279 40 42
0 262 118 40 42
0 452 169 40 42
0 485 293 40 42
0 169 320 40 42
0 135 340 40 42
0 79 84 40 42
0 610 182 40 42
0 224 230 40 42
0 325 218 40 42
6 71 429 40 42
0 35 355 40 42
6 252 39 40 42
7 197 50 40 42
0 365 62 40 42
0 226 90 40 42
6 324 137 40 42
0 278 306 40 42
0 507 432 40 42
0 77 304 40 42
0 80 178 40 42
0 315 93 40 42
0 434 214 40 42
2 440 130 40 42
0 567 77 40 42
2 402 455 40 42
