3 214 315 40 42
3 370 333 40 42
3 606 126 40 42
3 439 240 40 42
0 414 280 40 42
0 545 323 40 42
0 586 318 40 42
0 487 350 40 42
0 404 436 40 42
2 42 377 40 42
0 55 292 40 42
0 124 265 40 42
6 496 293 40 42
6 531 281 40 42
6 351 83 40 42
6 557 235 40 42
0 575 273 40 42
0 529 407 40 42
0 345 369 40 42
0 390 232 40 42
0 140 105 40 42
0 205 98 40 42
0 195 154 40 42
2 308 53 40 42
3 276 30 40 42
0 396 157 40 42
0 410 109 40 42
6 51 156 40 42
0 60 250 40 42
0 181 423 40 42
0 242 359 40 42
0 236 435 40 42
0 308 188 40 42
6 527 69 40 42
