6 122 217 40 42
6 172 367 40 42
9 410 255 40 42
9 398 336 40 42
6 240 300 40 42
6 292 401 40 42
0 465 287 40 42
6 340 261 40 42
0 177 426 40 42
0 373 432 40 42
0 479 74 40 42
0 533 231 40 42
0 576 215 40 42
0 343 217 40 42
0 331 131 40 42
6 394 51 40 42
6 287 52 40 42
0 416 372 40 42
0 66 386 40 42
0 37 306 40 42
0 17 188 40 42
3 129 185 40 42
0 205 89 40 42
0 614 47 40 42
0 384 195 40 42
6 309 346 40 42
0 335 377 40 42
3 496 441 40 42
0 537 87 40 42
6 376 237 40 42
6 290 119 40 42
6 170 113 40 42
0 55 52 40 42
0 460 112 40 42
