3 150 107 40 42
3 25 348 40 42
3 592 286 40 42
3 554 120 40 42
3 454 160 40 42
9 274 152 40 42
6 483 400 40 42
6 516 407 40 42
6 379 29 40 42
0 423 110 40 42
6 90 92 40 42
6 118 69 40 42
0 215 205 40 42
0 60 247 40 42
0 19 261 40 42
0 82 328 40 42
0 52 411 40 42
0 142 234 40 42
0 223 160 40 42
0 262 212 40 42
0 244 272 40 42
0 355 219 40 42
0 367 274 40 42
0 414 231 40 42
0 430 292 40 42
0 365 109 40 42
0 409 177 40 42
0 373 151 40 42
0 325 164 40 42
0 255 91 40 42
0 336 50 40 42
0 436 32 40 42
0 508 191 40 42
0 474 200 40 42
0 546 226 40 42
0 580 241 40 42
0 522 259 40 42
0 412 442 40 42
0 431 373 40 42
0 412 335 40 42
0 288 402 40 42
0 353 404 40 42
0 316 367 40 42
0 195 300 40 42
0 157 284 40 42
0 167 335 40 42
0 327 393 40 42
6 42 306 40 42
0 69 49 40 42
0 114 173 40 42
0 52 160 40 42
0 167 62 40 42
0 174 141 40 42
0 466 122 40 42
6 610 177 40 42
0 590 94 40 42
0 602 442 40 42
