6 447 39 40 42
0 499 411 40 42
0 191 341 40 42
0 243 390 40 42
0 564 351 40 42
0 594 457 40 42
0 489 348 40 42
0 374 383 40 42
0 421 349 40 42
0 378 324 40 42
0 321 267 40 42
0 514 297 40 42
0 438 314 40 42
0 451 263 40 42
0 136 97 40 42
0 435 186 40 42
0 420 225 40 42
0 247 468 40 42
0 309 473 40 42
0 177 468 40 42
0 467 460 40 42
0 58 460 40 42
0 344 459 40 42
0 502 451 40 42
0 557 447 40 42
0 400 444 40 42
0 155 440 40 42
0 442 416 40 42
0 327 418 40 42
0 197 405 40 42
0 7 395 40 42
0 457 384 40 42
0 252 342 40 42
0 4 335 40 42
0 632 320 40 42
0 97 316 40 42
0 239 298 40 42
0 57 292 40 42
6 267 273 40 42
0 390 269 40 42
0 37 252 40 42
0 508 249 40 42
0 629 245 40 42
0 287 232 40 42
0 369 226 40 42
0 600 228 40 42
0 236 218 40 42
0 318 205 40 42
0 518 190 40 42
0 536 147 40 42
0 487 150 40 42
0 228 124 40 42
0 280 122 40 42
0 7 106 40 42
0 447 113 40 42
0 479 91 40 42
0 96 94 40 42
0 604 82 40 42
0 208 85 40 42
0 278 69 40 42
0 563 62 40 42
0 47 63 40 42
0 421 67 40 42
0 124 53 40 42
0 485 42 40 42
0 545 35 40 42
0 267 32 40 42
0 216 31 40 42
0 624 33 40 42
0 17 19 40 42
0 479 8 40 42
0 410 9 40 42
0 320 14 40 42
0 184 8 40 42
0 133 15 40 42
0 49 5 40 42
0 578 261 40 42
0 555 220 40 42
0 173 140 40 42
0 90 156 40 42
0 51 179 40 42
0 98 192 40 42
0 101 230 40 42
0 116 258 40 42
0 51 329 40 42
0 25 372 40 42
0 107 407 40 42
2 274 174 40 42
0 405 114 40 42
0 355 102 40 42
0 327 57 40 42
0 364 54 40 42
0 582 18 40 42
0 488 212 40 42
0 532 354 40 42
0 541 395 40 42
0 594 410 40 42
0 612 362 40 42
0 345 364 40 42
0 296 354 40 42
6 361 140 40 42
0 138 161 40 42
0 316 152 40 42
6 240 435 40 42
6 148 365 40 42
6 76 364 40 42
0 28 427 40 42
0 73 426 40 42
1 591 178 40 42
