12 572 461 40 42
12 139 429 40 42
12 32 416 40 42
12 439 418 40 42
12 230 415 40 42
12 296 387 40 42
12 480 373 40 42
12 199 370 40 42
12 97 354 40 42
12 41 355 40 42
12 151 330 40 42
12 239 311 40 42
12 40 292 40 42
12 109 292 40 42
12 515 311 40 42
12 343 280 40 42
12 189 272 40 42
12 272 242 40 42
12 323 239 40 42
12 423 225 40 42
12 178 222 40 42
12 137 202 40 42
12 454 188 40 42
12 540 153 40 42
12 472 126 40 42
12 590 128 40 42
12 187 63 40 42
12 124 54 40 42
12 331 43 40 42
12 102 18 40 42
