12 117 449 40 42
12 229 434 40 42
12 264 385 40 42
12 124 387 40 42
12 551 371 40 42
12 355 349 40 42
12 133 338 40 42
12 68 324 40 42
12 465 323 40 42
12 413 272 40 42
12 576 251 40 42
12 41 249 40 42
12 351 234 40 42
12 497 219 40 42
12 209 215 40 42
12 426 206 40 42
12 257 198 40 42
12 598 192 40 42
12 391 177 40 42
12 524 162 40 42
12 142 147 40 42
12 475 101 40 42
12 59 90 40 42
12 124 97 40 42
12 537 84 40 42
12 308 58 40 42
12 616 59 40 42
12 494 29 40 42
12 270 34 40 42
12 339 17 40 42
12 175 33 40 42
