12 255 435 40 42
12 216 418 40 42
12 306 411 40 42
12 108 425 40 42
12 411 392 40 42
12 232 374 40 42
12 510 354 40 42
12 70 343 40 42
12 546 288 40 42
12 104 291 40 42
12 418 285 40 42
12 198 286 40 42
12 314 274 40 42
12 616 270 40 42
12 376 253 40 42
12 203 254 40 42
12 524 215 40 42
12 450 208 40 42
12 207 196 40 42
12 99 174 40 42
12 551 171 40 42
12 613 172 40 42
12 76 142 40 42
12 286 133 40 42
12 576 120 40 42
12 245 111 40 42
12 248 82 40 42
12 336 75 40 42
12 463 88 40 42
12 538 85 40 42
12 426 48 40 42
12 119 22 40 42
12 291 16 40 42
