12 194 445 40 42
12 365 434 40 42
12 585 430 40 42
12 156 416 40 42
12 31 416 40 42
12 442 393 40 42
12 523 371 40 42
12 591 371 40 42
12 144 367 40 42
12 78 340 40 42
12 407 322 40 42
12 82 300 40 42
12 224 309 40 42
12 277 299 40 42
12 134 295 40 42
12 390 283 40 42
12 163 279 40 42
12 453 268 40 42
12 597 238 40 42
12 450 230 40 42
12 388 209 40 42
12 542 181 40 42
12 44 166 40 42
12 231 170 40 42
12 171 165 40 42
12 523 143 40 42
12 288 133 40 42
12 473 138 40 42
12 168 113 40 42
12 242 103 40 42
12 432 81 40 42
12 104 81 40 42
12 145 79 40 42
12 300 58 40 42
12 590 60 40 42
12 373 59 40 42
