12 561 455 40 42
12 194 450 40 42
12 412 426 40 42
12 266 408 40 42
12 360 411 40 42
12 200 390 40 42
12 78 395 40 42
12 165 364 40 42
12 376 359 40 42
12 511 342 40 42
12 102 317 40 42
12 346 285 40 42
12 558 273 40 42
12 499 278 40 42
12 255 269 40 42
12 50 258 40 42
12 303 240 40 42
12 116 230 40 42
12 377 233 40 42
12 219 225 40 42
12 452 215 40 42
12 189 179 40 42
12 382 178 40 42
12 146 172 40 42
12 307 176 40 42
12 475 173 40 42
12 523 142 40 42
12 321 95 40 42
12 159 97 40 42
12 379 103 40 42
12 484 89 40 42
12 100 81 40 42
12 579 74 40 42
12 307 60 40 42
12 68 55 40 42
