7 323 314 40 42
7 591 471 40 42
6 284 147 40 42
6 301 91 40 42
0 455 352 40 42
0 502 322 40 42
0 397 340 40 42
0 436 213 40 42
3 511 265 40 42
0 237 274 40 42
0 187 278 40 42
0 203 340 40 42
0 220 221 40 42
0 255 187 40 42
0 320 188 40 42
0 219 152 40 42
0 172 158 40 42
6 250 115 40 42
0 85 87 40 42
0 44 76 40 42
3 132 86 40 42
0 100 138 40 42
0 40 199 40 42
0 163 47 40 42
0 99 57 40 42
6 264 70 40 42
0 196 18 40 42
0 230 49 40 42
0 192 96 40 42
0 168 105 40 42
0 277 28 40 42
0 333 42 40 42
0 367 60 40 42
8 54 123 40 42
6 157 295 40 42
6 453 117 40 42
0 489 92 40 42
6 374 161 40 42
0 500 172 40 42
0 410 254 40 42
0 43 383 40 42
0 72 351 40 42
0 15 353 40 42
0 75 224 40 42
0 80 267 40 42
0 75 308 40 42
0 107 379 40 42
0 172 387 40 42
6 22 448 40 42
0 298 354 40 42
0 269 393 40 42
0 287 427 40 42
0 371 431 40 42
2 406 386 40 42
0 523 410 40 42
0 603 398 40 42
0 554 390 40 42
0 612 359 40 42
0 618 107 40 42
0 405 100 40 42
0 378 221 40 42
0 387 293 40 42
0 322 399 40 42
0 289 318 40 42
0 183 436 40 42
6 342 275 40 42
6 154 343 40 42
6 233 376 40 42
0 173 217 40 42
0 30 251 40 42
0 482 399 40 42
0 445 416 40 42
0 401 425 40 42
