12 114 450 40 42
12 577 439 40 42
12 134 428 40 42
12 440 410 40 42
12 295 389 40 42
12 67 390 40 42
12 611 382 40 42
12 119 357 40 42
12 34 363 40 42
12 313 347 40 42
12 127 327 40 42
12 343 313 40 42
12 195 304 40 42
12 39 301 40 42
12 427 282 40 42
12 81 260 40 42
12 271 226 40 42
12 480 205 40 42
12 342 203 40 42
12 94 200 40 42
12 295 166 40 42
12 122 157 40 42
12 217 157 40 42
12 65 156 40 42
12 361 139 40 42
12 181 120 40 42
12 574 107 40 42
12 243 108 40 42
12 452 85 40 42
12 159 80 40 42
12 612 54 40 42
12 560 45 40 42
12 481 51 40 42
12 170 34 40 42
