12 519 455 40 42
12 115 437 40 42
12 234 423 40 42
12 317 425 40 42
12 522 408 40 42
12 440 410 40 42
12 162 390 40 42
12 242 382 40 42
12 383 385 40 42
12 67 361 40 42
12 292 351 40 42
12 185 345 40 42
12 100 311 40 42
12 218 317 40 42
12 477 302 40 42
12 349 298 40 42
12 394 288 40 42
12 540 292 40 42
12 443 270 40 42
12 98 268 40 42
12 123 231 40 42
12 413 230 40 42
12 48 223 40 42
12 592 209 40 42
12 540 193 40 42
12 142 180 40 42
12 319 175 40 42
12 505 167 40 42
12 70 143 40 42
12 264 135 40 42
12 186 109 40 42
12 546 84 40 42
12 135 90 40 42
12 438 83 40 42
12 72 79 40 42
12 324 69 40 42
12 385 48 40 42
12 247 48 40 42
12 511 48 40 42
12 30 35 40 42
12 178 17 40 42
