12 388 437 40 42
12 73 423 40 42
12 250 417 40 42
12 536 423 40 42
12 371 383 40 42
12 213 385 40 42
12 59 381 40 42
12 607 374 40 42
12 157 359 40 42
12 549 351 40 42
12 340 304 40 42
12 178 305 40 42
12 479 285 40 42
12 272 296 40 42
12 604 274 40 42
12 409 263 40 42
12 316 263 40 42
12 50 258 40 42
12 159 254 40 42
12 279 244 40 42
12 496 223 40 42
12 152 214 40 42
12 339 216 40 42
12 253 221 40 42
12 85 212 40 42
12 28 210 40 42
12 552 206 40 42
12 228 190 40 42
12 370 169 40 42
12 429 159 40 42
12 37 162 40 42
12 577 153 40 42
12 279 150 40 42
12 338 144 40 42
12 527 122 40 42
12 171 124 40 42
12 626 123 40 42
12 476 109 40 42
12 322 104 40 42
12 549 80 40 42
12 151 79 40 42
12 360 61 40 42
12 456 56 40 42
12 182 42 40 42
12 297 47 40 42
12 81 49 40 42
12 589 39 40 42
