12 202 453 40 42
12 568 453 40 42
12 268 453 40 42
12 361 449 40 42
12 52 418 40 42
12 330 418 40 42
12 120 402 40 42
12 601 403 40 42
12 490 394 40 42
12 222 384 40 42
12 595 356 40 42
12 195 360 40 42
12 319 352 40 42
12 473 335 40 42
12 236 328 40 42
12 379 301 40 42
12 539 302 40 42
12 39 290 40 42
12 216 283 40 42
12 324 283 40 42
12 142 280 40 42
12 489 276 40 42
12 433 274 40 42
12 63 270 40 42
12 581 260 40 42
12 267 258 40 42
12 23 242 40 42
12 610 216 40 42
12 405 213 40 42
12 139 211 40 42
12 312 178 40 42
12 168 173 40 42
12 332 133 40 42
12 570 130 40 42
12 526 120 40 42
12 483 106 40 42
12 118 90 40 42
12 315 94 40 42
12 157 68 40 42
12 75 59 40 42
12 430 59 40 42
12 33 32 40 42
12 326 35 40 42
