12 394 451 40 42
12 262 447 40 42
12 612 423 40 42
12 320 411 40 42
12 418 404 40 42
12 109 410 40 42
12 38 400 40 42
12 267 390 40 42
12 585 391 40 42
12 344 370 40 42
12 146 363 40 42
12 436 348 40 42
12 210 336 40 42
12 256 341 40 42
12 50 330 40 42
12 321 321 40 42
12 551 305 40 42
12 135 301 40 42
12 614 297 40 42
12 365 291 40 42
12 418 281 40 42
12 172 258 40 42
12 423 241 40 42
12 213 227 40 42
12 398 203 40 42
12 242 193 40 42
12 461 196 40 42
12 451 161 40 42
12 251 161 40 42
12 38 155 40 42
12 593 151 40 42
12 370 147 40 42
12 175 114 40 42
12 587 107 40 42
12 512 99 40 42
12 434 92 40 42
12 344 75 40 42
12 593 57 40 42
12 549 54 40 42
12 186 53 40 42
12 331 33 40 42
12 473 29 40 42
