12 186 456 40 42
12 27 443 40 42
12 343 430 40 42
12 471 413 40 42
12 404 415 40 42
12 92 417 40 42
12 449 383 40 42
12 315 381 40 42
12 121 382 40 42
12 274 353 40 42
12 240 356 40 42
12 184 338 40 42
12 474 324 40 42
12 390 315 40 42
12 333 311 40 42
12 603 304 40 42
12 130 290 40 42
12 562 302 40 42
12 437 287 40 42
12 118 235 40 42
12 269 235 40 42
12 422 222 40 42
12 52 223 40 42
12 380 217 40 42
12 564 219 40 42
12 297 201 40 42
12 434 182 40 42
12 597 188 40 42
12 99 172 40 42
12 41 178 40 42
12 331 161 40 42
12 391 156 40 42
12 501 148 40 42
12 228 156 40 42
12 417 118 40 42
12 52 123 40 42
12 618 115 40 42
12 504 96 40 42
12 124 91 40 42
12 315 84 40 42
12 592 64 40 42
12 541 57 40 42
12 236 49 40 42
12 507 40 40 42
12 155 34 40 42
12 83 22 40 42
