12 93 455 40 42
12 309 448 40 42
12 322 402 40 42
12 546 381 40 42
12 580 363 40 42
12 349 356 40 42
12 215 341 40 42
12 39 333 40 42
12 61 298 40 42
12 152 307 40 42
12 329 291 40 42
12 139 246 40 42
12 503 243 40 42
12 64 234 40 42
12 559 227 40 42
12 410 203 40 42
12 154 164 40 42
12 256 152 40 42
12 58 141 40 42
12 570 144 40 42
12 402 133 40 42
12 497 121 40 42
12 283 109 40 42
12 610 111 40 42
12 125 115 40 42
12 174 100 40 42
12 485 81 40 42
12 274 61 40 42
12 395 63 40 42
12 610 32 40 42
12 39 28 40 42
