12 411 421 40 42
12 328 419 40 42
12 474 412 40 42
12 219 420 40 42
12 52 403 40 42
12 428 390 40 42
12 251 382 40 42
12 520 378 40 42
12 323 379 40 42
12 416 354 40 42
12 477 343 40 42
12 324 333 40 42
12 250 336 40 42
12 390 323 40 42
12 94 338 40 42
12 520 331 40 42
12 50 304 40 42
12 317 296 40 42
12 459 296 40 42
12 206 289 40 42
12 258 283 40 42
12 352 277 40 42
12 41 264 40 42
12 501 248 40 42
12 171 250 40 42
12 41 212 40 42
12 165 184 40 42
12 498 170 40 42
12 252 167 40 42
12 611 157 40 42
12 156 144 40 42
12 501 108 40 42
12 333 117 40 42
12 147 92 40 42
12 76 82 40 42
12 351 72 40 42
12 30 61 40 42
12 525 69 40 42
12 214 46 40 42
12 167 51 40 42
12 544 42 40 42
12 407 32 40 42
