12 180 449 40 42
12 353 453 40 42
12 527 419 40 42
12 92 358 40 42
12 470 342 40 42
12 563 332 40 42
12 138 312 40 42
12 290 303 40 42
12 115 289 40 42
12 430 285 40 42
12 370 272 40 42
12 253 257 40 42
12 553 257 40 42
12 462 238 40 42
12 419 231 40 42
12 323 215 40 42
12 373 199 40 42
12 594 205 40 42
12 279 200 40 42
12 124 188 40 42
12 64 192 40 42
12 353 138 40 42
12 539 135 40 42
12 450 143 40 42
12 24 134 40 42
12 178 130 40 42
12 150 99 40 42
12 463 87 40 42
12 292 92 40 42
12 173 70 40 42
12 523 78 40 42
12 49 78 40 42
12 389 69 40 42
12 485 48 40 42
12 217 43 40 42
12 445 37 40 42
