12 616 418 40 42
12 579 410 40 42
12 529 393 40 42
12 298 369 40 42
12 336 338 40 42
12 205 342 40 42
12 507 345 40 42
12 127 340 40 42
12 240 333 40 42
12 435 335 40 42
12 53 331 40 42
12 398 326 40 42
12 256 306 40 42
12 169 305 40 42
12 592 307 40 42
12 454 275 40 42
12 57 284 40 42
12 202 271 40 42
12 392 248 40 42
12 86 240 40 42
12 547 254 40 42
12 224 214 40 42
12 578 218 40 42
12 103 197 40 42
12 444 182 40 42
12 206 162 40 42
12 478 158 40 42
12 330 158 40 42
12 149 145 40 42
12 32 132 40 42
12 238 128 40 42
12 475 122 40 42
12 572 129 40 42
12 273 120 40 42
12 91 108 40 42
12 403 96 40 42
12 600 74 40 42
12 200 52 40 42
12 462 45 40 42
12 517 28 40 42
12 305 42 40 42
12 401 25 40 42
