12 490 442 40 42
12 374 439 40 42
12 541 424 40 42
12 445 385 40 42
12 334 397 40 42
12 101 387 40 42
12 617 363 40 42
12 559 364 40 42
12 534 336 40 42
12 355 341 40 42
12 160 332 40 42
12 265 323 40 42
12 411 303 40 42
12 496 285 40 42
12 588 257 40 42
12 211 245 40 42
12 126 250 40 42
12 434 214 40 42
12 255 213 40 42
12 491 214 40 42
12 291 189 40 42
12 396 188 40 42
12 237 174 40 42
12 439 128 40 42
12 86 123 40 42
12 351 141 40 42
12 560 106 40 42
12 213 87 40 42
12 311 87 40 42
12 592 79 40 42
12 523 65 40 42
12 40 58 40 42
12 86 57 40 42
12 261 51 40 42
12 139 45 40 42
