12 383 433 40 42
12 314 434 40 42
12 317 396 40 42
12 559 398 40 42
12 459 387 40 42
12 598 342 40 42
12 328 351 40 42
12 111 324 40 42
12 534 313 40 42
12 46 309 40 42
12 150 292 40 42
12 301 277 40 42
12 231 277 40 42
12 578 249 40 42
12 382 247 40 42
12 224 233 40 42
12 341 249 40 42
12 558 222 40 42
12 403 186 40 42
12 77 182 40 42
12 154 160 40 42
12 351 141 40 42
12 554 141 40 42
12 429 140 40 42
12 593 136 40 42
12 171 91 40 42
12 312 86 40 42
12 164 47 40 42
12 594 46 40 42
12 33 24 40 42
12 561 36 40 42
12 238 20 40 42
