12 457 443 40 42
12 199 431 40 42
12 291 421 40 42
12 131 419 40 42
12 77 406 40 42
12 32 380 40 42
12 605 376 40 42
12 134 363 40 42
12 177 337 40 42
12 264 343 40 42
12 532 323 40 42
12 488 310 40 42
12 153 277 40 42
12 451 287 40 42
12 160 245 40 42
12 594 240 40 42
12 461 236 40 42
12 523 216 40 42
12 22 210 40 42
12 215 189 40 42
12 243 175 40 42
12 424 148 40 42
12 263 111 40 42
12 53 115 40 42
12 366 110 40 42
12 93 92 40 42
12 315 97 40 42
12 195 78 40 42
12 518 65 40 42
12 380 53 40 42
12 256 54 40 42
12 497 22 40 42
