12 308 450 40 42
12 566 444 40 42
12 472 434 40 42
12 594 398 40 42
12 393 401 40 42
12 265 386 40 42
12 88 389 40 42
12 219 384 40 42
12 615 369 40 42
12 127 372 40 42
12 433 367 40 42
12 29 358 40 42
12 85 343 40 42
12 508 338 40 42
12 302 338 40 42
12 137 325 40 42
12 576 315 40 42
12 419 300 40 42
12 347 301 40 42
12 479 292 40 42
12 146 278 40 42
12 382 272 40 42
12 137 224 40 42
12 388 216 40 42
12 442 207 40 42
12 308 202 40 42
12 188 191 40 42
12 35 192 40 42
12 187 152 40 42
12 479 152 40 42
12 134 143 40 42
12 54 138 40 42
12 342 130 40 42
12 405 100 40 42
12 306 86 40 42
12 581 77 40 42
12 455 32 40 42
12 504 29 40 42
