12 201 450 40 42
12 603 437 40 42
12 416 431 40 42
12 46 396 40 42
12 252 379 40 42
12 410 376 40 42
12 152 368 40 42
12 578 366 40 42
12 468 368 40 42
12 292 356 40 42
12 274 316 40 42
12 138 322 40 42
12 527 304 40 42
12 568 274 40 42
12 352 272 40 42
12 515 265 40 42
12 126 253 40 42
12 43 245 40 42
12 421 229 40 42
12 430 196 40 42
12 550 179 40 42
12 162 173 40 42
12 608 169 40 42
12 374 163 40 42
12 163 138 40 42
12 276 136 40 42
12 326 133 40 42
12 528 126 40 42
12 223 123 40 42
12 400 110 40 42
12 574 86 40 42
12 475 76 40 42
12 538 71 40 42
12 323 74 40 42
12 414 73 40 42
12 170 59 40 42
12 602 52 40 42
