12 377 461 40 42
12 439 457 40 42
12 149 436 40 42
12 263 406 40 42
12 360 403 40 42
12 70 389 40 42
12 273 379 40 42
12 188 365 40 42
12 445 350 40 42
12 357 354 40 42
12 144 323 40 42
12 501 305 40 42
12 431 301 40 42
12 244 288 40 42
12 464 292 40 42
12 585 282 40 42
12 75 273 40 42
12 195 250 40 42
12 350 230 40 42
12 595 226 40 42
12 104 182 40 42
12 240 181 40 42
12 367 169 40 42
12 187 171 40 42
12 524 155 40 42
12 24 163 40 42
12 146 127 40 42
12 364 98 40 42
12 216 100 40 42
12 62 97 40 42
12 600 87 40 42
12 77 54 40 42
12 426 57 40 42
12 30 33 40 42
12 468 28 40 42
