12 40 452 40 42
12 550 444 40 42
12 366 440 40 42
12 537 389 40 42
12 229 380 40 42
12 332 363 40 42
12 419 335 40 42
12 83 330 40 42
12 249 334 40 42
12 562 322 40 42
12 295 322 40 42
12 452 301 40 42
12 491 309 40 42
12 128 295 40 42
12 461 267 40 42
12 592 265 40 42
12 506 231 40 42
12 447 232 40 42
12 112 225 40 42
12 404 230 40 42
12 368 215 40 42
12 170 214 40 42
12 328 193 40 42
12 199 193 40 42
12 570 179 40 42
12 79 173 40 42
12 251 160 40 42
12 280 151 40 42
12 36 149 40 42
12 184 146 40 42
12 553 134 40 42
12 398 138 40 42
12 110 143 40 42
12 222 128 40 42
12 136 108 40 42
12 228 82 40 42
12 458 66 40 42
12 154 66 40 42
12 65 50 40 42
12 284 59 40 42
12 380 60 40 42
12 318 54 40 42
