12 195 440 40 42
12 325 433 40 42
12 395 417 40 42
12 41 401 40 42
12 183 389 40 42
12 318 380 40 42
12 144 377 40 42
12 21 370 40 42
12 460 350 40 42
12 266 333 40 42
12 194 337 40 42
12 109 328 40 42
12 519 331 40 42
12 311 319 40 42
12 576 315 40 42
12 134 293 40 42
12 390 285 40 42
12 257 267 40 42
12 505 266 40 42
12 298 239 40 42
12 431 233 40 42
12 565 225 40 42
12 169 222 40 42
12 380 198 40 42
12 43 192 40 42
12 284 183 40 42
12 52 150 40 42
12 405 133 40 42
12 305 107 40 42
12 538 103 40 42
12 281 82 40 42
12 416 74 40 42
12 579 57 40 42
12 369 69 40 42
12 227 54 40 42
12 58 46 40 42
12 178 36 40 42
