12 115 455 40 42
12 284 455 40 42
12 343 433 40 42
12 156 414 40 42
12 553 407 40 42
12 417 397 40 42
12 472 386 40 42
12 585 374 40 42
12 171 353 40 42
12 71 349 40 42
12 482 328 40 42
12 561 313 40 42
12 240 309 40 42
12 385 305 40 42
12 213 265 40 42
12 320 249 40 42
12 590 227 40 42
12 299 206 40 42
12 488 184 40 42
12 172 172 40 42
12 331 172 40 42
12 68 158 40 42
12 588 131 40 42
12 148 122 40 42
12 461 117 40 42
12 531 115 40 42
12 258 92 40 42
12 74 72 40 42
12 147 31 40 42
12 462 27 40 42
