7 357 150 40 42
6 57 283 40 42
6 506 204 40 42
6 207 298 40 42
6 226 340 40 42
6 302 83 40 42
6 135 388 40 42
6 112 306 40 42
0 404 367 40 42
0 422 332 40 42
0 467 325 40 42
0 510 403 40 42
0 168 240 40 42
0 106 268 40 42
0 11 22 40 42
0 65 57 40 42
0 80 104 40 42
0 140 113 40 42
0 119 58 40 42
0 142 16 40 42
0 23 105 40 42
0 195 47 40 42
0 210 87 40 42
0 238 44 40 42
0 203 154 40 42
0 131 237 40 42
0 33 248 40 42
0 86 191 40 42
0 122 170 40 42
0 153 191 40 42
6 93 374 40 42
0 225 260 40 42
0 177 321 40 42
0 185 363 40 42
0 293 181 40 42
0 327 189 40 42
0 314 230 40 42
0 50 424 40 42
0 32 382 40 42
0 175 405 40 42
0 250 401 40 42
0 412 415 40 42
8 454 369 40 42
0 570 379 40 42
3 452 263 40 42
3 257 192 40 42
3 13 217 40 42
0 280 253 40 42
0 320 137 40 42
0 377 104 40 42
0 441 137 40 42
0 387 179 40 42
0 480 130 40 42
0 504 164 40 42
6 229 124 40 42
0 286 22 40 42
0 340 22 40 42
0 476 28 40 42
0 565 49 40 42
0 600 21 40 42
0 615 56 40 42
0 611 163 40 42
0 582 180 40 42
8 575 133 40 42
0 412 275 40 42
0 377 282 40 42
0 362 322 40 42
0 328 301 40 42
0 585 315 40 42
0 598 276 40 42
0 596 239 40 42
0 483 236 40 42
0 441 208 40 42
0 171 451 40 42
