6 159 461 40 42
6 99 177 40 42
2 430 83 40 42
0 337 221 40 42
0 343 107 40 42
0 133 240 40 42
2 502 397 40 42
0 596 222 40 42
0 561 190 40 42
0 525 99 40 42
6 371 251 40 42
6 37 99 40 42
0 60 18 40 42
0 47 62 40 42
0 240 32 40 42
0 139 140 40 42
0 51 138 40 42
3 213 114 40 42
0 30 236 40 42
0 90 217 40 42
0 112 275 40 42
0 38 284 40 42
0 82 305 40 42
0 157 96 40 42
0 116 96 40 42
0 257 128 40 42
0 177 142 40 42
0 232 161 40 42
0 387 76 40 42
0 351 39 40 42
6 463 30 40 42
0 465 164 40 42
0 537 59 40 42
0 563 18 40 42
0 539 152 40 42
6 420 232 40 42
0 494 252 40 42
6 613 282 40 42
0 77 380 40 42
0 149 292 40 42
0 182 267 40 42
0 225 257 40 42
0 267 248 40 42
0 259 327 40 42
0 283 376 40 42
0 214 371 40 42
0 112 437 40 42
0 126 400 40 42
0 31 441 40 42
0 522 307 40 42
0 471 303 40 42
0 438 271 40 42
0 400 293 40 42
0 349 300 40 42
8 381 337 40 42
0 521 377 40 42
0 442 360 40 42
0 402 430 40 42
0 442 197 40 42
0 568 257 40 42
0 605 46 40 42
0 207 427 40 42
