8 139 157 40 42
8 380 189 40 42
0 276 367 40 42
6 207 269 40 42
2 562 375 40 42
7 8 152 40 42
0 612 168 40 42
0 346 356 40 42
0 486 65 40 42
0 440 49 40 42
0 440 392 40 42
0 310 439 40 42
0 402 416 40 42
0 356 77 40 42
0 108 269 40 42
0 290 471 40 42
0 486 463 40 42
0 216 463 40 42
0 51 462 40 42
0 172 460 40 42
0 105 460 40 42
0 262 452 40 42
0 426 454 40 42
0 578 443 40 42
0 373 443 40 42
0 133 428 40 42
0 542 411 40 42
0 37 410 40 42
0 148 383 40 42
0 198 374 40 42
0 97 369 40 42
0 43 369 40 42
0 543 341 40 42
6 426 338 40 42
0 131 331 40 42
0 261 326 40 42
0 12 312 40 42
0 86 311 40 42
0 189 312 40 42
0 472 308 40 42
0 255 286 40 42
0 150 285 40 42
0 8 269 40 42
0 486 266 40 42
0 381 230 40 42
0 88 227 40 42
0 302 220 40 42
0 30 212 40 42
0 443 212 40 42
0 578 200 40 42
0 112 185 40 42
0 515 175 40 42
0 59 162 40 42
0 432 157 40 42
0 365 147 40 42
0 581 131 40 42
0 175 130 40 42
0 521 126 40 42
0 29 124 40 42
0 399 107 40 42
0 620 99 40 42
0 545 96 40 42
0 188 90 40 42
0 39 85 40 42
0 233 81 40 42
0 126 70 40 42
0 582 58 40 42
0 67 58 40 42
0 347 45 40 42
0 28 40 40 42
0 509 26 40 42
0 467 27 40 42
0 628 16 40 42
0 587 10 40 42
0 326 14 40 42
0 155 17 40 42
0 51 13 40 42
0 485 364 40 42
0 475 400 40 42
0 592 408 40 42
0 612 375 40 42
0 599 332 40 42
0 627 304 40 42
0 625 257 40 42
0 578 247 40 42
0 532 255 40 42
0 544 209 40 42
0 270 52 40 42
0 284 18 40 42
0 286 91 40 42
0 290 127 40 42
0 275 167 40 42
0 180 195 40 42
0 40 293 40 42
6 300 277 40 42
8 223 417 40 42
8 254 226 40 42
8 472 115 40 42
6 474 176 40 42
6 334 246 40 42
6 225 342 40 42
3 222 210 40 42
6 196 42 40 42
0 396 37 40 42
6 282 407 40 42
0 504 436 40 42
