3 282 243 40 42
3 335 199 40 42
3 331 241 40 42
3 462 147 40 42
3 492 122 40 42
3 456 56 40 42
3 548 167 40 42
3 525 214 40 42
3 246 46 40 42
3 321 22 40 42
3 145 75 40 42
3 80 121 40 42
3 15 88 40 42
3 109 221 40 42
3 147 229 40 42
3 183 208 40 42
3 191 152 40 42
3 190 247 40 42
3 115 268 40 42
3 85 290 40 42
3 120 310 40 42
3 53 291 40 42
3 162 449 40 42
3 359 323 40 42
3 357 371 40 42
3 375 407 40 42
3 418 235 40 42
3 575 207 40 42
3 604 300 40 42
3 545 330 40 42
3 511 370 40 42
3 477 340 40 42
3 440 331 40 42
3 491 417 40 42
3 453 462 40 42
3 599 356 40 42
3 584 393 40 42
3 583 35 40 42
3 17 447 40 42
3 12 129 40 42
3 257 12 40 42
3 595 472 40 42
3 621 128 40 42
3 224 334 40 42
0 393 197 40 42
9 437 200 40 42
