3 317 76 40 42
3 300 23 40 42
3 368 17 40 42
3 403 91 40 42
3 500 32 40 42
3 620 45 40 42
3 156 85 40 42
3 142 133 40 42
3 96 143 40 42
3 57 137 40 42
3 35 168 40 42
3 171 169 40 42
3 169 244 40 42
3 199 321 40 42
3 94 316 40 42
3 59 293 40 42
3 24 286 40 42
3 16 356 40 42
3 117 387 40 42
3 104 467 40 42
3 186 439 40 42
3 205 462 40 42
3 258 468 40 42
3 320 445 40 42
3 358 288 40 42
3 315 263 40 42
3 352 231 40 42
3 408 206 40 42
3 480 192 40 42
3 515 223 40 42
3 548 209 40 42
3 560 177 40 42
3 614 290 40 42
3 462 263 40 42
3 450 305 40 42
3 455 337 40 42
3 472 441 40 42
3 411 334 40 42
3 424 302 40 42
3 397 405 40 42
3 324 414 40 42
3 255 31 40 42
3 146 63 40 42
3 67 456 40 42
