3 329 326 40 42
3 310 367 40 42
3 225 403 40 42
3 172 394 40 42
3 52 416 40 42
3 84 339 40 42
3 44 320 40 42
3 159 148 40 42
3 205 167 40 42
3 529 56 40 42
3 461 122 40 42
3 430 240 40 42
3 404 249 40 42
3 231 317 40 42
3 347 68 40 42
3 150 120 40 42
3 61 170 40 42
3 199 231 40 42
3 547 252 40 42
3 180 50 40 42
0 40 98 40 42
2 5 62 40 42
3 78 28 40 42
3 22 203 40 42
3 41 183 40 42
0 132 401 40 42
0 142 340 40 42
3 87 399 40 42
2 36 286 40 42
3 129 166 40 42
3 146 177 40 42
3 85 201 40 42
3 233 224 40 42
0 250 422 40 42
3 172 298 40 42
0 392 140 40 42
0 496 157 40 42
0 543 141 40 42
0 486 100 40 42
3 592 39 40 42
3 565 99 40 42
3 557 72 40 42
3 488 66 40 42
3 482 25 40 42
0 312 29 40 42
3 432 330 40 42
0 471 302 40 42
0 523 318 40 42
3 407 299 40 42
3 383 404 40 42
3 402 436 40 42
3 331 396 40 42
3 539 359 40 42
3 600 178 40 42
3 608 221 40 42
3 617 255 40 42
3 634 207 40 42
0 590 273 40 42
0 576 372 40 42
3 482 434 40 42
0 450 452 40 42
