8 536 472 40 42
0 166 193 40 42
0 242 331 40 42
8 579 440 40 42
0 337 117 40 42
0 471 114 40 42
0 117 216 40 42
0 395 48 40 42
0 493 472 40 42
0 598 471 40 42
0 409 467 40 42
0 452 463 40 42
0 488 442 40 42
0 523 420 40 42
0 458 413 40 42
0 107 399 40 42
0 395 392 40 42
0 193 379 40 42
0 537 375 40 42
0 446 371 40 42
0 141 365 40 42
0 499 357 40 42
0 92 357 40 42
0 529 327 40 42
11 387 330 40 42
0 65 317 40 42
0 444 318 40 42
0 280 295 40 42
0 95 293 40 42
0 372 288 40 42
0 229 280 40 42
0 417 272 40 42
0 62 260 40 42
0 143 252 40 42
0 310 223 40 42
0 213 233 40 42
11 417 217 40 42
0 458 213 40 42
0 255 197 40 42
0 385 182 40 42
0 22 182 40 42
0 61 163 40 42
0 304 155 40 42
0 231 154 40 42
0 185 151 40 42
0 572 148 40 42
0 360 145 40 42
0 94 136 40 42
0 615 130 40 42
0 54 116 40 42
0 236 103 40 42
0 148 112 40 42
0 20 88 40 42
0 111 83 40 42
0 324 76 40 42
0 188 75 40 42
0 419 73 40 42
0 92 46 40 42
0 166 35 40 42
0 247 31 40 42
0 42 26 40 42
0 612 21 40 42
9 346 316 40 42
8 465 64 40 42
8 347 10 40 42
8 610 236 40 42
8 562 280 40 42
8 350 210 40 42
0 172 441 40 42
0 181 458 40 42
0 78 423 40 42
0 30 399 40 42
0 12 439 40 42
0 268 248 40 42
0 416 135 40 42
0 456 152 40 42
0 439 172 40 42
0 517 192 40 42
0 568 188 40 42
0 558 80 40 42
0 525 65 40 42
0 487 83 40 42
0 540 15 40 42
0 601 195 40 42
0 529 235 40 42
0 527 267 40 42
0 570 230 40 42
0 585 304 40 42
0 597 344 40 42
0 635 322 40 42
0 629 417 40 42
0 455 298 40 42
0 353 362 40 42
0 317 344 40 42
0 284 371 40 42
0 292 334 40 42
0 324 390 40 42
0 307 421 40 42
0 292 442 40 42
0 239 382 40 42
0 227 417 40 42
0 351 440 40 42
5 183 342 40 42
