3 451 19 40 42
3 339 15 40 42
3 233 39 40 42
3 80 52 40 42
3 41 188 40 42
3 62 114 40 42
3 77 145 40 42
3 107 120 40 42
3 129 174 40 42
3 130 219 40 42
3 92 235 40 42
3 112 273 40 42
3 67 297 40 42
3 42 255 40 42
3 190 248 40 42
3 224 245 40 42
3 285 102 40 42
3 435 138 40 42
3 398 230 40 42
3 442 330 40 42
3 405 357 40 42
3 267 369 40 42
3 216 357 40 42
3 173 362 40 42
3 116 392 40 42
3 121 342 40 42
3 147 444 40 42
3 67 438 40 42
3 549 115 40 42
3 496 81 40 42
3 460 55 40 42
3 350 150 40 42
3 319 168 40 42
3 306 205 40 42
3 353 236 40 42
3 590 299 40 42
3 628 261 40 42
3 587 338 40 42
3 519 311 40 42
3 460 298 40 42
3 473 247 40 42
3 460 163 40 42
3 434 429 40 42
3 460 393 40 42
3 504 387 40 42
3 536 371 40 42
3 621 387 40 42
3 424 395 40 42
3 391 407 40 42
3 317 414 40 42
3 281 448 40 42
3 249 436 40 42
3 189 464 40 42
3 295 330 40 42
3 296 288 40 42
3 230 321 40 42
3 27 399 40 42
3 18 448 40 42
3 406 157 40 42
3 501 185 40 42
3 396 58 40 42
3 262 156 40 42
3 145 132 40 42
3 128 88 40 42
3 32 41 40 42
3 55 16 40 42
3 108 36 40 42
3 554 75 40 42
3 599 53 40 42
3 605 97 40 42
3 603 178 40 42
8 515 267 40 42
3 18 152 40 42
3 29 300 40 42
3 216 156 40 42
3 425 195 40 42
3 363 376 40 42
3 597 436 40 42
3 632 325 40 42
8 280 41 40 42
0 143 257 40 42
2 328 310 40 42
3 411 307 40 42
3 379 309 40 42
3 359 287 40 42
3 440 101 40 42
3 573 155 40 42
3 538 184 40 42
0 477 130 40 42
0 202 27 40 42
0 211 60 40 42
3 155 46 40 42
3 150 318 40 42
3 147 372 40 42
0 364 98 40 42
0 329 114 40 42
0 414 15 40 42
