3 120 136 40 42
3 151 125 40 42
3 123 101 40 42
3 65 97 40 42
3 32 128 40 42
3 160 37 40 42
3 160 84 40 42
3 239 101 40 42
3 243 20 40 42
3 315 31 40 42
3 338 68 40 42
3 373 27 40 42
3 416 13 40 42
8 55 40 40 42
3 18 176 40 42
3 57 187 40 42
3 138 207 40 42
3 182 209 40 42
3 258 180 40 42
3 240 258 40 42
3 80 274 40 42
3 60 239 40 42
3 36 260 40 42
3 108 339 40 42
3 70 364 40 42
3 59 332 40 42
3 20 367 40 42
3 29 405 40 42
3 134 361 40 42
3 120 399 40 42
3 137 307 40 42
3 213 281 40 42
3 122 442 40 42
3 284 315 40 42
3 262 375 40 42
3 211 379 40 42
3 306 420 40 42
3 314 387 40 42
3 355 365 40 42
3 326 338 40 42
3 290 167 40 42
3 282 126 40 42
3 330 162 40 42
3 406 116 40 42
3 531 27 40 42
3 592 20 40 42
3 568 57 40 42
3 541 73 40 42
3 529 111 40 42
3 575 110 40 42
3 616 126 40 42
3 577 171 40 42
3 619 187 40 42
3 546 179 40 42
3 428 201 40 42
3 386 277 40 42
3 454 241 40 42
3 465 276 40 42
3 435 357 40 42
3 402 373 40 42
3 352 455 40 42
3 223 460 40 42
3 182 469 40 42
3 543 338 40 42
3 485 300 40 42
3 495 218 40 42
3 519 242 40 42
3 559 225 40 42
3 592 224 40 42
3 593 275 40 42
3 628 239 40 42
3 598 311 40 42
3 550 288 40 42
3 568 379 40 42
3 606 396 40 42
3 533 405 40 42
3 490 403 40 42
3 454 387 40 42
3 397 445 40 42
3 478 464 40 42
3 97 52 40 42
3 18 25 40 42
3 500 76 40 42
3 422 413 40 42
3 95 461 40 42
3 199 166 40 42
3 364 147 40 42
3 430 166 40 42
3 435 53 40 42
3 402 75 40 42
2 199 59 40 42
8 247 225 40 42
8 283 258 40 42
8 160 266 40 42
0 475 349 40 42
0 369 319 40 42
0 415 235 40 42
0 375 225 40 42
0 208 239 40 42
0 466 135 40 42
0 94 182 40 42
3 333 243 40 42
3 277 93 40 42
3 195 25 40 42
3 110 261 40 42
3 444 332 40 42
3 508 162 40 42
0 266 50 40 42
0 201 97 40 42
