3 219 391 40 42
3 148 327 40 42
3 38 377 40 42
3 23 414 40 42
3 76 334 40 42
3 121 285 40 42
3 57 190 40 42
3 68 169 40 42
3 134 187 40 42
3 232 180 40 42
3 180 172 40 42
3 234 246 40 42
3 328 145 40 42
3 361 103 40 42
3 372 145 40 42
3 287 321 40 42
3 250 342 40 42
3 200 328 40 42
3 477 217 40 42
3 444 273 40 42
3 387 256 40 42
3 375 297 40 42
3 381 349 40 42
3 336 347 40 42
3 345 383 40 42
3 233 435 40 42
3 106 457 40 42
3 534 185 40 42
3 479 256 40 42
3 374 31 40 42
3 407 142 40 42
3 105 39 40 42
3 125 228 40 42
3 71 215 40 42
3 288 205 40 42
3 267 239 40 42
3 471 314 40 42
3 561 326 40 42
3 546 272 40 42
3 627 250 40 42
3 591 318 40 42
3 583 374 40 42
3 495 381 40 42
3 455 406 40 42
3 438 440 40 42
3 491 424 40 42
3 289 448 40 42
3 187 95 40 42
3 124 129 40 42
3 547 457 40 42
3 611 420 40 42
3 615 375 40 42
3 566 40 40 42
3 594 129 40 42
3 167 217 40 42
3 219 127 40 42
3 453 148 40 42
2 290 140 40 42
3 597 25 40 42
3 302 22 40 42
3 198 360 40 42
3 66 409 40 42
3 120 348 40 42
3 416 9 40 42
3 94 72 40 42
2 342 420 40 42
0 386 205 40 42
0 355 243 40 42
0 327 309 40 42
3 182 282 40 42
0 266 154 40 42
0 541 69 40 42
0 508 105 40 42
3 105 415 40 42
3 262 386 40 42
3 29 232 40 42
3 610 58 40 42
3 415 85 40 42
3 365 451 40 42
3 422 312 40 42
0 597 186 40 42
0 539 225 40 42
2 465 85 40 42
3 297 92 40 42
0 36 125 40 42
0 29 32 40 42
0 151 51 40 42
3 217 20 40 42
0 172 25 40 42
2 218 61 40 42
2 162 116 40 42
0 222 285 40 42
2 412 394 40 42
3 293 392 40 42
3 165 405 40 42
3 68 48 40 42
