8 456 330 40 42
8 339 292 40 42
8 130 467 40 42
8 47 340 40 42
3 61 440 40 42
3 63 391 40 42
3 26 413 40 42
3 117 425 40 42
3 97 458 40 42
3 157 423 40 42
3 230 459 40 42
3 169 457 40 42
3 244 385 40 42
3 162 359 40 42
3 187 395 40 42
3 216 350 40 42
3 340 344 40 42
3 322 396 40 42
3 338 437 40 42
3 257 441 40 42
3 426 423 40 42
3 460 407 40 42
3 467 366 40 42
3 372 253 40 42
3 486 295 40 42
3 505 270 40 42
3 520 221 40 42
3 558 291 40 42
3 560 325 40 42
3 555 371 40 42
3 48 215 40 42
3 5 217 40 42
3 63 140 40 42
3 90 108 40 42
3 101 53 40 42
3 49 34 40 42
3 132 50 40 42
3 148 13 40 42
3 212 13 40 42
3 136 134 40 42
3 106 151 40 42
3 111 293 40 42
3 91 343 40 42
3 42 267 40 42
3 7 330 40 42
3 180 272 40 42
3 314 237 40 42
3 293 290 40 42
3 240 315 40 42
3 257 152 40 42
3 259 100 40 42
3 222 55 40 42
3 525 114 40 42
3 387 170 40 42
3 584 77 40 42
3 580 15 40 42
3 450 57 40 42
3 366 25 40 42
3 368 79 40 42
3 446 172 40 42
3 234 220 40 42
3 282 223 40 42
3 193 211 40 42
3 108 191 40 42
3 119 257 40 42
3 258 59 40 42
3 286 37 40 42
3 475 28 40 42
3 612 267 40 42
0 164 104 40 42
0 93 15 40 42
0 307 79 40 42
3 171 60 40 42
3 183 142 40 42
2 391 53 40 42
3 379 112 40 42
3 315 117 40 42
3 294 156 40 42
3 299 192 40 42
3 229 275 40 42
0 77 308 40 42
0 155 300 40 42
3 80 217 40 42
0 365 325 40 42
3 270 362 40 42
3 371 419 40 42
3 599 300 40 42
3 396 458 40 42
3 609 205 40 42
3 635 234 40 42
3 479 156 40 42
0 417 259 40 42
3 401 221 40 42
0 480 203 40 42
0 547 139 40 42
3 523 45 40 42
3 451 103 40 42
3 426 313 40 42
3 618 90 40 42
3 612 131 40 42
3 405 85 40 42
3 560 47 40 42
0 617 166 40 42
