3 36 457 40 42
3 70 399 40 42
3 102 376 40 42
3 140 364 40 42
3 82 324 40 42
3 131 422 40 42
3 97 444 40 42
3 195 429 40 42
3 187 385 40 42
3 165 298 40 42
3 273 330 40 42
3 244 250 40 42
3 322 249 40 42
3 339 210 40 42
3 288 265 40 42
3 344 454 40 42
3 263 403 40 42
3 351 414 40 42
3 414 282 40 42
3 450 292 40 42
3 479 274 40 42
3 474 340 40 42
3 545 381 40 42
3 556 351 40 42
3 427 221 40 42
3 431 178 40 42
3 470 213 40 42
3 527 215 40 42
3 545 174 40 42
3 480 87 40 42
3 448 108 40 42
3 412 124 40 42
3 326 117 40 42
3 294 86 40 42
3 295 144 40 42
3 255 142 40 42
3 209 141 40 42
3 170 176 40 42
3 72 151 40 42
3 51 179 40 42
3 15 154 40 42
3 69 114 40 42
3 54 35 40 42
3 227 57 40 42
3 242 16 40 42
3 344 69 40 42
3 61 261 40 42
3 384 329 40 42
3 373 369 40 42
3 584 57 40 42
3 356 14 40 42
3 396 27 40 42
3 137 175 40 42
3 82 226 40 42
3 31 310 40 42
3 25 274 40 42
3 11 182 40 42
3 149 240 40 42
3 132 323 40 42
3 17 377 40 42
3 408 377 40 42
3 474 375 40 42
3 505 398 40 42
3 596 123 40 42
3 536 114 40 42
3 364 138 40 42
3 270 61 40 42
3 302 25 40 42
3 112 12 40 42
8 461 416 40 42
6 553 272 40 42
3 37 81 40 42
3 145 93 40 42
3 193 52 40 42
3 192 276 40 42
3 202 219 40 42
3 220 179 40 42
3 360 188 40 42
9 310 314 40 42
0 49 361 40 42
0 540 68 40 42
3 489 126 40 42
3 565 226 40 42
3 613 207 40 42
3 606 300 40 42
2 584 329 40 42
3 436 25 40 42
3 478 45 40 42
3 602 31 40 42
3 491 11 40 42
3 103 121 40 42
3 186 94 40 42
3 220 351 40 42
3 421 418 40 42
3 416 463 40 42
0 299 440 40 42
0 315 472 40 42
3 310 408 40 42
3 613 357 40 42
