3 34 427 40 42
3 42 341 40 42
3 60 265 40 42
3 69 302 40 42
3 120 300 40 42
3 219 235 40 42
3 266 316 40 42
3 324 324 40 42
3 326 365 40 42
3 321 413 40 42
3 341 442 40 42
3 290 433 40 42
3 406 282 40 42
3 411 217 40 42
3 448 197 40 42
3 462 128 40 42
3 365 179 40 42
3 279 186 40 42
3 239 195 40 42
3 314 138 40 42
3 361 95 40 42
3 560 83 40 42
3 322 12 40 42
3 282 15 40 42
3 179 22 40 42
3 180 85 40 42
3 129 65 40 42
3 70 58 40 42
3 30 52 40 42
3 66 91 40 42
3 53 177 40 42
3 16 225 40 42
3 172 174 40 42
3 114 227 40 42
3 69 215 40 42
3 497 262 40 42
3 519 244 40 42
3 358 413 40 42
3 450 364 40 42
3 512 302 40 42
3 521 378 40 42
3 345 137 40 42
3 287 108 40 42
3 426 397 40 42
3 71 430 40 42
3 172 287 40 42
6 492 403 40 42
3 42 390 40 42
3 151 312 40 42
3 79 332 40 42
3 64 124 40 42
3 125 115 40 42
3 94 154 40 42
3 243 28 40 42
3 75 20 40 42
3 402 414 40 42
3 452 429 40 42
3 447 277 40 42
3 372 340 40 42
3 370 282 40 42
3 330 241 40 42
3 366 213 40 42
3 411 185 40 42
3 498 101 40 42
8 442 86 40 42
3 620 173 40 42
3 582 127 40 42
3 587 76 40 42
3 634 53 40 42
3 425 22 40 42
3 468 332 40 42
3 515 341 40 42
3 624 304 40 42
3 582 332 40 42
3 546 322 40 42
3 590 382 40 42
3 493 171 40 42
3 606 228 40 42
3 527 105 40 42
3 494 61 40 42
3 305 65 40 42
3 231 128 40 42
3 231 83 40 42
3 175 217 40 42
3 262 247 40 42
3 118 402 40 42
3 158 373 40 42
3 191 347 40 42
3 165 405 40 42
3 206 403 40 42
3 392 99 40 42
